1526959255.483129, 2
1526959255.5834944, 2
1526959255.6839666, 2
1526959255.7844203, 2
1526959255.8849843, 2
1526959255.985496, 2
1526959256.0860884, 2
1526959256.1867094, 2
1526959256.2872438, 2
1526959256.3878984, 2
1526959256.4885254, 2
1526959256.5891347, 2
1526959256.6897573, 2
1526959256.790373, 2
1526959256.890993, 2
1526959256.9916267, 2
1526959257.0922751, 2
1526959257.1929126, 2
1526959257.2935457, 2
1526959257.3941963, 2
1526959257.494682, 2
1526959257.5952075, 2
1526959257.6958416, 2
1526959257.796476, 2
1526959257.8971047, 2
1526959257.9977367, 2
1526959258.0983415, 2
1526959258.1989093, 2
1526959258.2994807, 2
1526959258.4000118, 2
1526959258.5006676, 2
1526959258.6012774, 2
1526959258.701907, 2
1526959258.802535, 2
1526959258.9030488, 2
1526959259.0035753, 2
1526959259.104181, 2
1526959259.2048078, 2
1526959259.3054233, 2
1526959259.4060998, 2
1526959259.5066457, 2
1526959259.6072552, 2
1526959259.7079077, 2
1526959259.8085318, 2
1526959259.9091694, 2
1526959260.009827, 2
1526959260.1104434, 2
1526959260.2111487, 2
1526959260.3117785, 2
1526959260.4124024, 2
1526959260.5130215, 2
1526959260.6136413, 2
1526959260.7142746, 2
1526959260.8149128, 2
1526959260.9155746, 2
1526959261.0160935, 2
1526959261.116751, 2
1526959261.2173808, 2
1526959261.3180194, 2
1526959261.4185438, 2
1526959261.5191758, 2
1526959261.6197865, 2
1526959261.7204168, 2
1526959261.8210578, 2
1526959261.9216926, 2
1526959262.022316, 2
1526959262.1228878, 2
1526959262.2235174, 2
1526959262.324136, 2
1526959262.4247572, 2
1526959262.5253751, 2
1526959262.6259346, 2
1526959262.7264595, 2
1526959262.8270442, 2
1526959262.9275644, 2
1526959263.0282075, 2
1526959263.1288576, 2
1526959263.229396, 2
1526959263.33001, 2
1526959263.4306269, 2
1526959263.531249, 2
1526959263.631858, 2
1526959263.7324939, 2
1526959263.8331223, 2
1526959263.9337587, 2
1526959264.0344152, 2
1526959264.1349275, 2
1526959264.2355936, 2
1526959264.3361108, 2
1526959264.436617, 2
1526959264.5371459, 2
1526959264.6376235, 2
1526959264.73823, 2
1526959264.8388252, 2
1526959264.9393172, 2
1526959265.0398386, 2
1526959265.1404252, 2
1526959265.2410717, 2
1526959265.341577, 2
1526959265.4420695, 2
1526959265.5424664, 2
1526959265.642733, 2
1526959265.7430348, 2
1526959265.843292, 2
1526959265.94369, 2
1526959266.044156, 2
1526959266.1446939, 2
1526959266.245194, 2
1526959266.3457067, 2
1526959266.4462554, 2
1526959266.5468915, 2
1526959266.6475039, 2
1526959266.748158, 2
1526959266.8485575, 2
1526959266.9491243, 2
1526959267.049689, 2
1526959267.1503086, 2
1526959267.2509353, 2
1526959267.3515184, 2
1526959267.451952, 2
1526959267.5525117, 2
1526959267.65312, 2
1526959267.7536488, 2
1526959267.8540235, 2
1526959267.954461, 2
1526959268.0549345, 2
1526959268.1555874, 2
1526959268.2561939, 2
1526959268.3566358, 2
1526959268.4572167, 2
1526959268.55785, 2
1526959268.658462, 2
1526959268.7589314, 2
1526959268.8592074, 2
1526959268.9597619, 2
1526959269.0603874, 2
1526959269.1610005, 2
1526959269.2616136, 2
1526959269.362232, 2
1526959269.4628296, 2
1526959269.5634582, 2
1526959269.6639655, 2
1526959269.7645442, 2
1526959269.8651578, 2
1526959269.9657118, 2
1526959270.0663333, 2
1526959270.1669538, 2
1526959270.2675712, 2
1526959270.3681936, 2
1526959270.4688537, 2
1526959270.5694778, 2
1526959270.6701002, 2
1526959270.7707257, 2
1526959270.871351, 2
1526959270.9719198, 2
1526959271.0725906, 2
1526959271.1730971, 2
1526959271.273509, 2
1526959271.3737876, 2
1526959271.4743314, 2
1526959271.5746734, 2
1526959271.6752365, 2
1526959271.7758534, 2
1526959271.876363, 2
1526959271.976682, 2
1526959272.077116, 2
1526959272.1776843, 2
1526959272.2780855, 2
1526959272.3784611, 2
1526959272.4789429, 2
1526959272.5794752, 2
1526959272.680111, 2
1526959272.7807257, 2
1526959272.8813467, 2
1526959272.9819696, 2
1526959273.0825872, 2
1526959273.1831176, 2
1526959273.283642, 2
1526959273.3841772, 2
1526959273.4846897, 2
1526959273.5852108, 2
1526959273.685692, 2
1526959273.7862496, 2
1526959273.8867753, 2
1526959273.9872649, 2
1526959274.0878854, 2
1526959274.188504, 2
1526959274.2890208, 2
1526959274.3895624, 2
1526959274.4899442, 2
1526959274.5903604, 2
1526959274.6909866, 2
1526959274.7916133, 2
1526959274.8922765, 2
1526959274.992922, 2
1526959275.093482, 2
1526959275.194096, 2
1526959275.2947202, 2
1526959275.395347, 2
1526959275.4960418, 2
1526959275.5966742, 2
1526959275.697292, 2
1526959275.7979105, 2
1526959275.8984468, 2
1526959275.999118, 2
1526959276.0997322, 2
1526959276.2003682, 2
1526959276.300982, 2
1526959276.4015281, 2
1526959276.5021858, 2
1526959276.6028147, 2
1526959276.703264, 2
1526959276.803774, 2
1526959276.9043694, 2
1526959277.0047166, 2
1526959277.104991, 2
1526959277.2052639, 2
1526959277.3055332, 2
1526959277.4058032, 2
1526959277.506066, 2
1526959277.6065092, 2
1526959277.7070956, 2
1526959277.8076737, 2
1526959277.9083092, 2
1526959278.0089974, 2
1526959278.109617, 2
1526959278.2102292, 2
1526959278.3108037, 2
1526959278.4113817, 2
1526959278.5120568, 2
1526959278.6127112, 2
1526959278.713351, 2
1526959278.8139634, 2
1526959278.9144843, 2
1526959279.0150392, 2
1526959279.115668, 2
1526959279.2162836, 2
1526959279.3169358, 2
1526959279.4175594, 2
1526959279.518177, 2
1526959279.618827, 2
1526959279.7193232, 2
1526959279.8199403, 2
1526959279.9204552, 2
1526959280.0210752, 2
1526959280.1216924, 2
1526959280.2223382, 2
1526959280.3228354, 2
1526959280.4234142, 2
1526959280.5240297, 2
1526959280.624656, 2
1526959280.7252655, 2
1526959280.8258016, 2
1526959280.9264154, 2
1526959281.027033, 2
1526959281.1276567, 2
1526959281.228269, 2
1526959281.3289135, 2
1526959281.4294834, 2
1526959281.5301032, 2
1526959281.6307247, 2
1526959281.7313309, 2
1526959281.8319783, 2
1526959281.9326136, 2
1526959282.0329044, 2
1526959282.133382, 2
1526959282.233903, 2
1526959282.334431, 2
1526959282.4349575, 2
1526959282.535545, 2
1526959282.6360095, 2
1526959282.7365508, 2
1526959282.8370817, 2
1526959282.9377005, 2
1526959283.038316, 2
1526959283.1389506, 2
1526959283.2395833, 2
1526959283.3400533, 2
1526959283.440545, 2
1526959283.5411758, 2
1526959283.6417766, 2
1526959283.7424018, 2
1526959283.8429224, 2
1526959283.9435687, 2
1526959284.044177, 2
1526959284.144781, 2
1526959284.2454023, 2
1526959284.3460503, 2
1526959284.4466648, 2
1526959284.5472834, 2
1526959284.6478882, 2
1526959284.7485027, 2
1526959284.8490143, 2
1526959284.9495208, 2
1526959285.0500395, 2
1526959285.1505713, 2
1526959285.2510507, 2
1526959285.3515604, 2
1526959285.4520915, 2
1526959285.5527537, 2
1526959285.653277, 2
1526959285.7537827, 2
1526959285.8542087, 2
1526959285.954567, 2
1526959286.0550234, 2
1526959286.155632, 2
1526959286.256134, 2
1526959286.3566442, 2
1526959286.457244, 2
1526959286.5578673, 2
1526959286.6584706, 2
1526959286.7590992, 2
1526959286.859724, 2
1526959286.9600973, 2
1526959287.0603683, 2
1526959287.160781, 2
1526959287.2611222, 2
1526959287.3614044, 2
1526959287.4616764, 2
1526959287.5620706, 2
1526959287.662566, 2
1526959287.7632072, 2
1526959287.8635824, 2
1526959287.963843, 2
1526959288.0641727, 2
1526959288.1646032, 2
1526959288.2650287, 2
1526959288.3655798, 2
1526959288.4659882, 2
1526959288.5664613, 2
1526959288.66684, 2
1526959288.767439, 2
1526959288.867808, 2
1526959288.968312, 2
1526959289.0689373, 2
1526959289.169547, 2
1526959289.2701657, 2
1526959289.3707824, 2
1526959289.4714062, 2
1526959289.5718973, 2
1526959289.6724412, 2
1526959289.7726889, 2
1526959289.8731039, 2
1526959289.9734592, 2
1526959290.0737455, 2
1526959290.1741362, 2
1526959290.2747118, 2
1526959290.3750496, 2
1526959290.475476, 2
1526959290.5757873, 2
1526959290.6760612, 2
1526959290.7763853, 2
1526959290.876772, 2
1526959290.9770694, 2
1526959291.0774577, 2
1526959291.1778557, 2
1526959291.278287, 2
1526959291.3786926, 2
1526959291.479265, 2
1526959291.5797846, 2
1526959291.6804225, 2
1526959291.7810352, 2
1526959291.8815124, 2
1526959291.9820654, 2
1526959292.082598, 2
1526959292.1831021, 2
1526959292.2837288, 2
1526959292.384231, 2
1526959292.4845662, 2
1526959292.5850894, 2
1526959292.6854584, 2
1526959292.785916, 2
1526959292.8863199, 2
1526959292.9866586, 2
1526959293.08695, 2
1526959293.1872175, 2
1526959293.2875047, 2
1526959293.3879924, 2
1526959293.4882696, 2
1526959293.5887237, 2
1526959293.6893022, 2
1526959293.7898376, 2
1526959293.8903584, 2
1526959293.9908075, 2
1526959294.0911036, 2
1526959294.1914048, 2
1526959294.2917972, 2
1526959294.392167, 2
1526959294.4926395, 2
1526959294.5932193, 2
1526959294.6937256, 2
1526959294.7942588, 2
1526959294.8947394, 2
1526959294.9951696, 2
1526959295.095682, 2
1526959295.19624, 2
1526959295.2968495, 2
1526959295.397312, 2
1526959295.4977663, 2
1526959295.5983644, 2
1526959295.6989555, 2
1526959295.799553, 2
1526959295.9001133, 2
1526959296.0007098, 2
1526959296.1013293, 2
1526959296.2019405, 2
1526959296.3025599, 2
1526959296.4031794, 2
1526959296.5038214, 2
1526959296.604433, 2
1526959296.7049067, 2
1526959296.805546, 2
1526959296.9061742, 2
1526959297.0065641, 2
1526959297.1071115, 2
1526959297.2076144, 2
1526959297.3079016, 2
1526959297.4082124, 2
1526959297.5086582, 2
1526959297.6090357, 2
1526959297.7093308, 2
1526959297.8096101, 2
1526959297.9098544, 2
1526959298.0102406, 2
1526959298.1107113, 2
1526959298.2110643, 2
1526959298.311526, 2
1526959298.4120119, 2
1526959298.5123713, 2
1526959298.6126409, 2
1526959298.713057, 2
1526959298.813335, 2
1526959298.9136992, 2
1526959299.0140626, 2
1526959299.1145604, 2
1526959299.2151988, 2
1526959299.3157456, 2
1526959299.4163554, 2
1526959299.5169718, 2
1526959299.6174674, 2
1526959299.7179546, 2
1526959299.8185909, 2
1526959299.919238, 2
1526959300.0197704, 2
1526959300.120262, 2
1526959300.2208796, 2
1526959300.3214538, 2
1526959300.4220812, 2
1526959300.5226939, 2
1526959300.6232612, 2
1526959300.7238946, 2
1526959300.8245118, 2
1526959300.9251328, 2
1526959301.0257595, 2
1526959301.126378, 2
1526959301.2269206, 2
1526959301.3275292, 2
1526959301.4281573, 2
1526959301.528808, 2
1526959301.629366, 2
1526959301.7298982, 2
1526959301.830528, 2
1526959301.9311655, 2
1526959302.0317962, 2
1526959302.1325138, 2
1526959302.2331195, 2
1526959302.3337462, 2
1526959302.434096, 2
1526959302.5343766, 2
1526959302.6347566, 2
1526959302.7351828, 2
1526959302.8355718, 2
1526959302.9361465, 2
1526959303.0367026, 2
1526959303.1372309, 2
1526959303.2378736, 2
1526959303.338501, 2
1526959303.4391434, 2
1526959303.5397763, 2
1526959303.6404147, 2
1526959303.7410533, 2
1526959303.841592, 2
1526959303.9422727, 2
1526959304.0428991, 2
1526959304.1434042, 2
1526959304.2440283, 2
1526959304.344656, 2
1526959304.4452817, 2
1526959304.545907, 2
1526959304.646558, 2
1526959304.7472265, 2
1526959304.8477645, 2
1526959304.9483814, 2
1526959305.0490222, 2
1526959305.1495183, 2
1526959305.2500455, 2
1526959305.3506644, 2
1526959305.4512732, 2
1526959305.5517795, 2
1526959305.6523957, 2
1526959305.7528975, 2
1526959305.8535197, 2
1526959305.954167, 2
1526959306.0547984, 2
1526959306.1554697, 2
1526959306.2560034, 2
1526959306.3565304, 2
1526959306.4570675, 2
1526959306.5576863, 2
1526959306.658321, 2
1526959306.7589767, 2
1526959306.859441, 2
1526959306.9600716, 2
1526959307.0607052, 2
1526959307.1612742, 2
1526959307.2617936, 2
1526959307.3623269, 2
1526959307.4628325, 2
1526959307.5633862, 2
1526959307.6639285, 2
1526959307.7644646, 2
1526959307.8648322, 2
1526959307.96532, 2
1526959308.0657384, 2
1526959308.1661956, 2
1526959308.2668135, 2
1526959308.367265, 2
1526959308.4677222, 2
1526959308.5682642, 2
1526959308.6685724, 2
1526959308.7688606, 2
1526959308.8691382, 2
1526959308.969457, 2
1526959309.0699055, 2
1526959309.1702328, 2
1526959309.2706459, 2
1526959309.3712072, 2
1526959309.4718356, 2
1526959309.572472, 2
1526959309.6731164, 2
1526959309.773729, 2
1526959309.8742492, 2
1526959309.9748223, 2
1526959310.075488, 2
1526959310.1760285, 2
1526959310.276663, 2
1526959310.3772974, 2
1526959310.4779303, 2
1526959310.578562, 2
1526959310.6792045, 2
1526959310.7798142, 2
1526959310.880428, 2
1526959310.981051, 2
1526959311.0817034, 2
1526959311.1823597, 2
1526959311.282904, 2
1526959311.3835285, 2
1526959311.484155, 2
1526959311.5847716, 2
1526959311.6853743, 2
1526959311.786038, 2
1526959311.8866608, 2
1526959311.9872787, 2
1526959312.087915, 2
1526959312.1884367, 2
1526959312.2890935, 2
1526959312.389629, 2
1526959312.490248, 2
1526959312.5907047, 2
1526959312.6913142, 2
1526959312.7919235, 2
1526959312.8925467, 2
1526959312.9931674, 2
1526959313.0937927, 2
1526959313.1944053, 2
1526959313.2950244, 2
1526959313.3956692, 2
1526959313.4962857, 2
1526959313.5969026, 2
1526959313.6975136, 2
1526959313.798129, 2
1526959313.8987343, 2
1526959313.9993677, 2
1526959314.0999918, 2
1526959314.2006001, 2
1526959314.3012257, 2
1526959314.4018505, 2
1526959314.5024729, 2
1526959314.603095, 2
1526959314.703757, 2
1526959314.8043656, 2
1526959314.904992, 2
1526959315.0056496, 2
1526959315.1062634, 2
1526959315.2068706, 2
1526959315.307493, 2
1526959315.4080937, 2
1526959315.5085855, 2
1526959315.609084, 2
1526959315.7095935, 2
1526959315.8101313, 2
1526959315.91067, 2
1526959316.0112047, 2
1526959316.1118133, 2
1526959316.212421, 2
1526959316.3130383, 2
1526959316.4136596, 2
1526959316.5142775, 2
1526959316.614842, 2
1526959316.7154846, 2
1526959316.8160253, 2
1526959316.9165342, 2
1526959317.0170987, 2
1526959317.117671, 2
1526959317.2182388, 2
1526959317.3188922, 2
1526959317.4195132, 2
1526959317.5201344, 2
1526959317.620713, 2
1526959317.7212842, 2
1526959317.821914, 2
1526959317.9224968, 2
1526959318.0231507, 2
1526959318.1237814, 2
1526959318.2243898, 2
1526959318.3249576, 2
1526959318.425618, 2
1526959318.526241, 2
1526959318.6268637, 2
1526959318.7274761, 2
1526959318.828098, 2
1526959318.9287019, 2
1526959319.029348, 2
1526959319.1299684, 2
1526959319.2305787, 2
1526959319.3312864, 2
1526959319.431902, 2
1526959319.5325246, 2
1526959319.6331542, 2
1526959319.7337797, 2
1526959319.8344045, 2
1526959319.9350235, 2
1526959320.0356796, 2
1526959320.1362562, 2
1526959320.2368646, 2
1526959320.3374827, 2
1526959320.4381046, 2
1526959320.5387254, 2
1526959320.6393821, 2
1526959320.7399895, 2
1526959320.8406134, 2
1526959320.9412377, 2
1526959321.0418627, 2
1526959321.14248, 2
1526959321.2430859, 2
1526959321.3437016, 2
1526959321.4442391, 2
1526959321.5448601, 2
1526959321.6454756, 2
1526959321.7460833, 2
1526959321.8466237, 2
1526959321.9472578, 2
1526959322.0477757, 2
1526959322.1484132, 2
1526959322.2490268, 2
1526959322.3496492, 2
1526959322.4502726, 2
1526959322.5508943, 2
1526959322.6515293, 2
1526959322.752184, 2
1526959322.85279, 2
1526959322.9534087, 2
1526959323.0540326, 2
1526959323.1546538, 2
1526959323.2552695, 2
1526959323.3559244, 2
1526959323.4565427, 2
1526959323.5571635, 2
1526959323.6577802, 2
1526959323.7583976, 2
1526959323.8590097, 2
1526959323.9595897, 2
1526959324.0602176, 2
1526959324.160841, 2
1526959324.261465, 2
1526959324.362092, 2
1526959324.4627557, 2
1526959324.5633824, 2
1526959324.6640558, 2
1526959324.7645862, 2
1526959324.8652065, 2
1526959324.965828, 2
1526959325.0664499, 2
1526959325.167073, 2
1526959325.267602, 2
1526959325.3682141, 2
1526959325.4688656, 2
1526959325.5694742, 2
1526959325.6700988, 2
1526959325.7706325, 2
1526959325.8711436, 2
1526959325.971706, 2
1526959326.0723448, 2
1526959326.1729627, 2
1526959326.2735782, 2
1526959326.3742018, 2
1526959326.474827, 2
1526959326.5754857, 2
1526959326.676029, 2
1526959326.7766504, 2
1526959326.8772736, 2
1526959326.9779012, 2
1526959327.0785215, 2
1526959327.1791475, 2
1526959327.279758, 2
1526959327.3803828, 2
1526959327.4810061, 2
1526959327.5816298, 2
1526959327.6822183, 2
1526959327.7827177, 2
1526959327.8832436, 2
1526959327.9838154, 2
1526959328.084352, 2
1526959328.1849666, 2
1526959328.2856255, 2
1526959328.3861153, 2
1526959328.4866748, 2
1526959328.5873349, 2
1526959328.687739, 2
1526959328.7883005, 2
1526959328.8886678, 2
1526959328.9891334, 2
1526959329.089682, 2
1526959329.1901937, 2
1526959329.290531, 2
1526959329.3908103, 2
1526959329.4911244, 2
1526959329.5916855, 2
1526959329.6922457, 2
1526959329.7925603, 2
1526959329.8928545, 2
1526959329.9933429, 2
1526959330.093876, 2
1526959330.1943266, 2
1526959330.2949488, 2
1526959330.3956695, 2
1526959330.4963207, 2
1526959330.59682, 2
1526959330.6973002, 2
1526959330.7978997, 2
1526959330.898524, 2
1526959330.998874, 2
1526959331.0992224, 2
1526959331.1997097, 2
1526959331.3003395, 2
1526959331.4008658, 2
1526959331.5014484, 2
1526959331.60199, 2
1526959331.7026017, 2
1526959331.8031363, 2
1526959331.9037209, 2
1526959332.004352, 2
1526959332.1047275, 2
1526959332.2051566, 2
1526959332.305471, 2
1526959332.4057412, 2
1526959332.5062602, 2
1526959332.6067264, 2
1526959332.7070713, 2
1526959332.807397, 2
1526959332.9078677, 2
1526959333.0085065, 2
1526959333.108959, 2
1526959333.2094204, 2
1526959333.310026, 2
1526959333.410641, 2
1526959333.5111349, 2
1526959333.6115673, 2
1526959333.7122169, 2
1526959333.8126366, 2
1526959333.9132009, 2
1526959334.0136852, 2
1526959334.1141212, 2
1526959334.214641, 2
1526959334.315255, 2
1526959334.415832, 2
1526959334.516449, 2
1526959334.6170576, 2
1526959334.7176642, 2
1526959334.818283, 2
1526959334.9189212, 2
1526959335.0194366, 2
1526959335.1199923, 2
1526959335.2205713, 2
1526959335.3210745, 2
1526959335.4215903, 2
1526959335.5221376, 2
1526959335.62267, 2
1526959335.7231972, 2
1526959335.823634, 2
1526959335.9241462, 2
1526959336.0247517, 2
1526959336.1253653, 2
1526959336.2258756, 2
1526959336.3263824, 2
1526959336.4269202, 2
1526959336.5274563, 2
1526959336.6280947, 2
1526959336.7284942, 2
1526959336.8290083, 2
1526959336.9296334, 2
1526959337.0302558, 2
1526959337.1308773, 2
1526959337.2313414, 2
1526959337.3319433, 2
1526959337.4324179, 2
1526959337.5330434, 2
1526959337.633473, 2
1526959337.73387, 2
1526959337.8343558, 2
1526959337.9347303, 2
1526959338.0353107, 2
1526959338.136024, 2
1526959338.2366352, 2
1526959338.3369827, 2
1526959338.4375381, 2
1526959338.5381618, 2
1526959338.638587, 2
1526959338.7389772, 2
1526959338.83943, 2
1526959338.9400501, 2
1526959339.0404723, 2
1526959339.141031, 2
1526959339.2416575, 2
1526959339.342183, 2
1526959339.4428384, 2
1526959339.543348, 2
1526959339.6438446, 2
1526959339.7443311, 2
1526959339.8449538, 2
1526959339.9456038, 2
1526959340.0462344, 2
1526959340.1466067, 2
1526959340.2471511, 2
1526959340.3477762, 2
1526959340.4484148, 2
1526959340.549052, 2
1526959340.6496103, 2
1526959340.750157, 2
1526959340.850786, 2
1526959340.951416, 2
1526959341.0520604, 2
1526959341.1526442, 2
1526959341.253254, 2
1526959341.3538885, 2
1526959341.4545264, 2
1526959341.5551538, 2
1526959341.6555738, 2
1526959341.7558608, 2
1526959341.8561687, 2
1526959341.9565961, 2
1526959342.057138, 2
1526959342.1575599, 2
1526959342.2580569, 2
1526959342.358648, 2
1526959342.4592896, 2
1526959342.559898, 2
1526959342.6605344, 2
1526959342.7611563, 2
1526959342.8617842, 2
1526959342.962419, 2
1526959343.0630426, 2
1526959343.1635318, 2
1526959343.2641065, 2
1526959343.3646605, 2
1526959343.4651859, 2
1526959343.5656893, 2
1526959343.6663334, 2
1526959343.766847, 2
1526959343.8672664, 2
1526959343.9677498, 2
1526959344.068335, 2
1526959344.168988, 2
1526959344.269485, 2
1526959344.3698583, 2
1526959344.470161, 2
1526959344.5704675, 2
1526959344.670893, 2
1526959344.7713819, 2
1526959344.8717895, 2
1526959344.9723594, 2
1526959345.072944, 2
1526959345.1734262, 2
1526959345.2739947, 2
1526959345.374349, 2
1526959345.4749107, 2
1526959345.5755851, 2
1526959345.6762574, 2
1526959345.7767582, 2
1526959345.877293, 2
1526959345.9778175, 2
1526959346.078434, 2
1526959346.1790223, 2
1526959346.2796173, 2
1526959346.3802335, 2
1526959346.4808512, 2
1526959346.5814712, 2
1526959346.6820872, 2
1526959346.782606, 2
1526959346.8831456, 2
1526959346.9836743, 2
1526959347.0842905, 2
1526959347.1848128, 2
1526959347.2853312, 2
1526959347.3858752, 2
1526959347.486528, 2
1526959347.5871441, 2
1526959347.6875782, 2
1526959347.788019, 2
1526959347.8886409, 2
1526959347.9891553, 2
1526959348.0897532, 2
1526959348.190345, 2
1526959348.2908635, 2
1526959348.3914762, 2
1526959348.492099, 2
1526959348.592748, 2
1526959348.6932933, 2
1526959348.7937458, 2
1526959348.8941932, 2
1526959348.994749, 2
1526959349.0953622, 2
1526959349.1960652, 2
1526959349.2965662, 2
1526959349.3970485, 2
1526959349.4975607, 2
1526959349.598094, 2
1526959349.6986017, 2
1526959349.7990825, 2
1526959349.8995752, 2
1526959349.9999175, 2
1526959350.1003165, 2
1526959350.200795, 2
1526959350.301117, 2
1526959350.4015608, 2
1526959350.5019293, 2
1526959350.6024005, 2
1526959350.7029092, 2
1526959350.8032916, 2
1526959350.9037569, 2
1526959351.0042343, 2
1526959351.1045964, 2
1526959351.2052085, 2
1526959351.3056262, 2
1526959351.4061913, 2
1526959351.5068412, 2
1526959351.6074834, 2
1526959351.708041, 2
1526959351.8083665, 2
1526959351.9088674, 2
1526959352.0093343, 2
1526959352.109925, 2
1526959352.1854768, 2
1526959352.2857666, 2
1526959493.5571969, 2
1526959493.6576781, 2
1526959493.7582638, 2
1526959493.8588552, 2
1526959493.959299, 2
1526959494.0596123, 2
1526959494.1599402, 2
1526959494.2605028, 2
1526959494.361124, 2
1526959494.4617383, 2
1526959494.5623531, 2
1526959494.6629639, 2
1526959494.7634945, 2
1526959494.864117, 2
1526959494.9647357, 2
1526959495.0653727, 2
1526959495.1660216, 2
1526959495.266646, 2
1526959495.3672652, 2
1526959495.4678035, 2
1526959495.568336, 2
1526959495.6688564, 2
1526959495.7693765, 2
1526959495.869999, 2
1526959495.970387, 2
1526959496.0708597, 2
1526959496.1714294, 2
1526959496.272004, 2
1526959496.3262763, 2
1526959496.4268556, 2
1526959496.5274773, 2
1526959496.6281023, 2
1526959496.7287202, 2
1526959496.8293746, 2
1526959496.929988, 2
1526959497.0306082, 2
1526959497.1312258, 2
1526959509.0276916, 2
1526959509.128133, 2
1526959509.2286747, 2
1526959509.3292477, 2
1526959509.4298718, 2
1526959509.530341, 2
1526959509.6309323, 2
1526959509.7315822, 2
1526959509.8322372, 2
1526959509.9328885, 2
1526959510.0335069, 2
1526959510.1341143, 2
1526959510.2347322, 2
1526959510.3353422, 2
1526959510.4360006, 2
1526959510.5366206, 2
1526959510.615319, 2
1526959510.7158825, 2
1526959510.816502, 2
1526959510.9171154, 2
1526959511.0177295, 2
1526959511.118364, 2
1526959511.218997, 2
1526959976.5665429, 2
1526959976.6669273, 2
1526959976.7675343, 2
1526959976.867923, 2
1526959976.9684796, 2
1526959977.0690238, 2
1526959977.1696908, 2
1526959977.270252, 2
1526959977.370794, 2
1526959977.4714243, 2
1526959977.5718935, 2
1526959977.6724837, 2
1526959977.7730265, 2
1526959977.8735952, 2
1526959977.97422, 2
1526959978.0748613, 2
1526959978.175294, 2
1526959978.2759259, 2
1526959978.3765092, 2
1526959978.476941, 2
1526959978.5774324, 2
1526959978.6779, 2
1526959978.7782476, 2
1526959978.878553, 2
1526959978.9788227, 2
1526959979.079231, 2
1526959979.1797953, 2
1526959979.2802744, 2
1526959979.3805892, 2
1526959979.4809153, 2
1526959979.581209, 2
1526959979.6815605, 2
1526959979.7820904, 2
1526959979.8823926, 2
1526959979.9828365, 2
1526959980.083293, 2
1526959980.183783, 2
1526959980.2842789, 2
1526959980.3847508, 2
1526959980.4852357, 2
1526959980.5857341, 2
1526959980.6863787, 2
1526959980.7868848, 2
1526959980.8873687, 2
1526959980.987722, 2
1526959981.088075, 2
1526959981.1885216, 2
1526959981.2891216, 2
1526959981.3897607, 2
1526959981.4904037, 2
1526959981.5909197, 2
1526959981.6913445, 2
1526959981.7918527, 2
1526959981.8923273, 2
1526959981.9928439, 2
1526959982.093315, 2
1526959982.193641, 2
1526959982.2941525, 2
1526959982.394666, 2
1526959982.4951577, 2
1526959982.595651, 2
1526959982.6959853, 2
1526959982.7965534, 2
1526959982.8970358, 2
1526959982.9974484, 2
1526959983.0979915, 2
1526959983.1985738, 2
1526959983.2991755, 2
1526959983.3997788, 2
1526959983.5003054, 2
1526959983.6009614, 2
1526959983.7015822, 2
1526959983.8021536, 2
1526959983.9026327, 2
1526959984.0031338, 2
1526959984.1036103, 2
1526959984.2040074, 2
1526959984.3044908, 2
1526959984.4048383, 2
1526959984.5052226, 2
1526959984.6057577, 2
1526959984.7062194, 2
1526959984.806681, 2
1526959984.9070854, 2
1526959985.0074933, 2
1526959985.1078725, 2
1526959985.20844, 2
1526959985.3089836, 2
1526959985.4095757, 2
1526959985.5099876, 2
1526959985.61056, 2
1526959985.7111619, 2
1526959985.81179, 2
1526959985.9123788, 2
1526959986.012899, 2
1526959986.1134346, 2
1526959986.2138433, 2
1526959986.3143265, 2
1526959986.4150033, 2
1526959986.5155797, 2
1526959986.6160517, 2
1526959986.716601, 2
1526959986.8172143, 2
1526959986.9178352, 2
1526959987.0184536, 2
1526959987.1189384, 2
1526959987.2195504, 2
1526959987.3201106, 2
1526959987.4206285, 2
1526959987.5210028, 2
1526959987.6214662, 2
1526959987.7219615, 2
1526959987.8223443, 2
1526959987.922635, 2
1526959988.0229063, 2
1526959988.1232579, 2
1526959988.2236602, 2
1526959988.3242795, 2
1526959988.4248965, 2
1526959988.5255532, 2
1526959988.6261659, 2
1526959988.7267778, 2
1526959988.8274007, 2
1526959988.927895, 2
1526959989.0284433, 2
1526959989.128909, 2
1526959989.229173, 2
1526959989.3294485, 2
1526959989.429706, 2
1526959989.529941, 2
1526959989.6303432, 2
1526959989.7308948, 2
1526959989.8315282, 2
1526959989.9320903, 2
1526959990.0323768, 2
1526959990.1329193, 2
1526959990.2335422, 2
1526959990.334189, 2
1526959990.434718, 2
1526959990.5351183, 2
1526959990.635454, 2
1526959990.7357752, 2
1526959990.8362067, 2
1526959990.9366944, 2
1526959991.0371785, 2
1526959991.137676, 2
1526959991.238188, 2
1526959991.3387535, 2
1526959991.4392416, 2
1526959991.5397537, 2
1526959991.6402614, 2
1526959991.7408962, 2
1526959991.8413918, 2
1526959991.942008, 2
1526959992.0425503, 2
1526959992.1430836, 2
1526959992.2436225, 2
1526959992.344161, 2
1526959992.4447856, 2
1526959992.545305, 2
1526959992.6459472, 2
1526959992.7465858, 2
1526959992.8470852, 2
1526959992.947583, 2
1526959993.0481231, 2
1526959993.1485915, 2
1526959993.2492092, 2
1526959993.349682, 2
1526959993.4502845, 2
1526959993.550744, 2
1526959993.6513517, 2
1526959993.7518792, 2
1526959993.852252, 2
1526959993.9527411, 2
1526959994.0532362, 2
1526959994.1536849, 2
1526959994.2542074, 2
1526959994.3547456, 2
1526959994.4552665, 2
1526959994.5559552, 2
1526959994.6565735, 2
1526959994.7571769, 2
1526959994.857799, 2
1526959994.9584146, 2
1526959995.0590348, 2
1526959995.159502, 2
1526959995.259864, 2
1526959995.3603518, 2
1526959995.460881, 2
1526959995.5615098, 2
1526959995.6621928, 2
1526959995.7628226, 2
1526959995.8633413, 2
1526959995.9639719, 2
1526959996.0643713, 2
1526959996.1649537, 2
1526959996.2656178, 2
1526959996.3662732, 2
1526959996.4668894, 2
1526959996.5674992, 2
1526959996.6678336, 2
1526959996.768305, 2
1526959996.8686178, 2
1526959996.9689107, 2
1526959997.069349, 2
1526959997.1698108, 2
1526959997.2703114, 2
1526959997.3706627, 2
1526959997.470911, 2
1526959997.5711606, 2
1526959997.6715245, 2
1526959997.77178, 2
1526959997.8721366, 2
1526959997.9726195, 2
1526959998.0731618, 2
1526959998.173637, 2
1526959998.2741644, 2
1526959998.3747172, 2
1526959998.4750755, 2
1526959998.5755608, 2
1526959998.6759799, 2
1526959998.7764006, 2
1526959998.8767152, 2
1526959998.977114, 2
1526959999.0776162, 2
1526959999.1781185, 2
1526959999.278771, 2
1526959999.3791914, 2
1526959999.4796748, 2
1526959999.5800517, 2
1526959999.680612, 2
1526959999.7809763, 2
1526959999.8814328, 2
1526959999.9817686, 2
1526960000.0822713, 2
1526960000.1827297, 2
1526960000.2833545, 2
1526960000.3840191, 2
1526960000.4845417, 2
1526960000.585119, 2
1526960000.6857617, 2
1526960000.786215, 2
1526960000.8866801, 2
1526960000.9871721, 2
1526960001.0876994, 2
1526960001.1881905, 2
1526960001.2888236, 2
1526960001.3893583, 2
1526960001.4899583, 2
1526960001.5905983, 2
1526960001.6910903, 2
1526960001.7915602, 2
1526960001.8921106, 2
1526960001.9926794, 2
1526960002.0932896, 2
1526960002.1937764, 2
1526960002.2942884, 2
1526960002.3948195, 2
1526960002.495348, 2
1526960002.5959191, 2
1526960002.696408, 2
1526960002.7969263, 2
1526960002.8974671, 2
1526960002.998096, 2
1526960003.0986426, 2
1526960003.1991246, 2
1526960003.2994573, 2
1526960003.3999991, 2
1526960003.500451, 2
1526960003.600885, 2
1526960003.7013698, 2
1526960003.8018937, 2
1526960003.9023583, 2
1526960004.0028324, 2
1526960004.1033828, 2
1526960004.2038798, 2
1526960004.3044171, 2
1526960004.404925, 2
1526960004.505494, 2
1526960004.6060398, 2
1526960004.7066395, 2
1526960004.8072655, 2
1526960004.90789, 2
1526960005.0083733, 2
1526960005.108962, 2
1526960005.2096076, 2
1526960005.3101547, 2
1526960005.4106932, 2
1526960005.5110717, 2
1526960005.6114771, 2
1526960005.712115, 2
1526960005.81256, 2
1526960005.9131432, 2
1526960006.0136893, 2
1526960006.1143193, 2
1526960006.2149894, 2
1526960006.315631, 2
1526960006.4161541, 2
1526960006.516794, 2
1526960006.617304, 2
1526960006.717634, 2
1526960006.8181896, 2
1526960006.9185462, 2
1526960007.018833, 2
1526960007.1190934, 2
1526960007.2193518, 2
1526960007.319594, 2
1526960007.4198637, 2
1526960007.5201347, 2
1526960007.620603, 2
1526960007.72101, 2
1526960007.8215303, 2
1526960007.921862, 2
1526960008.0222428, 2
1526960008.1225052, 2
1526960008.222832, 2
1526960008.2883093, 2
1526960008.388732, 2
1526960019.677515, 2
1526960019.777973, 2
1526960019.8784208, 2
1526960019.9788582, 2
1526960020.0794072, 2
1526960020.1799407, 2
1526960020.2804801, 2
1526960020.3811095, 2
1526960020.4817436, 2
1526960020.5823772, 2
1526960020.6828983, 2
1526960020.7833855, 2
1526960020.8839037, 2
1526960020.9845524, 2
1526960021.0851898, 2
1526960021.185875, 2
1526960021.2863743, 2
1526960021.3869276, 2
1526960021.4874134, 2
1526960021.5877864, 2
1526960021.6882207, 2
1526960021.7887688, 2
1526960021.8892891, 2
1526960021.989836, 2
1526960022.0904589, 2
1526960022.1909165, 2
1526960022.2914896, 2
1526960022.3919444, 2
1526960022.4924166, 2
1526960022.592848, 2
1526960022.6931818, 2
1526960022.793483, 2
1526960022.8938096, 2
1526960022.9942484, 2
1526960023.0946982, 2
1526960023.1951845, 2
1526960023.295716, 2
1526960023.3963332, 2
1526960023.4967415, 2
1526960023.597267, 2
1526960023.6977463, 2
1526960023.7982745, 2
1526960023.8988564, 2
1526960023.9992583, 2
1526960024.0996397, 2
1526960024.1999772, 2
1526960024.3002653, 2
1526960024.4005578, 2
1526960024.5008588, 2
1526960024.6011903, 2
1526960024.7015693, 2
1526960024.8019283, 2
1526960024.902169, 2
1526960025.00256, 2
1526960025.102918, 2
1526960025.2032502, 2
1526960025.3036122, 2
1526960025.4042122, 2
1526960025.5045593, 2
1526960025.6050146, 2
1526960025.7054925, 2
1526960025.8059301, 2
1526960025.9062917, 2
1526960026.0067673, 2
1526960026.107321, 2
1526960026.207812, 2
1526960026.3082917, 2
1526960026.4087384, 2
1526960026.5092654, 2
1526960026.6096904, 2
1526960026.710166, 2
1526960026.8108106, 2
1526960026.9112968, 2
1526960027.0118165, 2
1526960027.1122978, 2
1526960027.2128153, 2
1526960027.3133445, 2
1526960027.4137342, 2
1526960027.5143058, 2
1526960027.6148114, 2
1526960027.7153456, 2
1526960027.8159935, 2
1526960027.916527, 2
1526960028.0169885, 2
1526960028.117603, 2
1526960028.218123, 2
1526960028.3186228, 2
1526960028.419266, 2
1526960028.5197577, 2
1526960028.6202474, 2
1526960028.7207549, 2
1526960028.8211482, 2
1526960028.921627, 2
1526960029.0219889, 2
1526960029.1223714, 2
1526960029.2228885, 2
1526960029.323535, 2
1526960029.4238522, 2
1526960029.52425, 2
1526960029.6246047, 2
1526960029.7250793, 2
1526960029.8255734, 2
1526960029.9260008, 2
1526960030.0266268, 2
1526960030.1270428, 2
1526960030.2276294, 2
1526960030.3281102, 2
1526960030.4286466, 2
1526960030.529004, 2
1526960030.6293197, 2
1526960030.729628, 2
1526960030.8298984, 2
1526960030.9301927, 2
1526960031.0307534, 2
1526960031.1312716, 2
1526960031.2318823, 2
1526960031.3322299, 2
1526960031.4326215, 2
1526960031.533036, 2
1526960031.6334658, 2
1526960031.7340243, 2
1526960031.8344889, 2
1526960031.935113, 2
1526960032.0357375, 2
1526960032.13617, 2
1526960032.2367969, 2
1526960032.3374116, 2
1526960032.437747, 2
1526960032.538063, 2
1526960032.6386523, 2
1526960032.7392309, 2
1526960032.8395524, 2
1526960032.9397693, 2
1526960033.040034, 2
1526960033.140284, 2
1526960033.2407835, 2
1526960033.3412743, 2
1526960033.4417062, 2
1526960033.5421515, 2
1526960033.6427095, 2
1526960033.743293, 2
1526960033.843801, 2
1526960033.944226, 2
1526960034.044839, 2
1526960034.1454973, 2
1526960034.2460637, 2
1526960034.3466697, 2
1526960034.4472916, 2
1526960034.5477836, 2
1526960034.6481466, 2
1526960034.7486932, 2
1526960034.8493419, 2
1526960034.9496982, 2
1526960035.0500417, 2
1526960035.150462, 2
1526960035.2507443, 2
1526960035.3510668, 2
1526960035.4514737, 2
1526960035.5518181, 2
1526960035.652099, 2
1526960035.7526104, 2
1526960035.8531356, 2
1526960035.95351, 2
1526960036.053794, 2
1526960036.1542013, 2
1526960036.2547193, 2
1526960036.3550704, 2
1526960036.4553382, 2
1526960036.5556388, 2
1526960036.6560395, 2
1526960036.7566679, 2
1526960036.8570075, 2
1526960036.9572754, 2
1526960037.057544, 2
1526960037.157818, 2
1526960037.258239, 2
1526960037.358809, 2
1526960037.4592724, 2
1526960037.5595756, 2
1526960037.659938, 2
1526960037.7604752, 2
1526960037.8607955, 2
1526960037.9610991, 2
1526960038.0615096, 2
1526960038.1619346, 2
1526960038.262166, 2
1526960038.3624382, 2
1526960038.4627, 2
1526960038.5629828, 2
1526960038.6635566, 2
1526960038.7641828, 2
1526960038.864539, 2
1526960038.9648333, 2
1526960039.065182, 2
1526960039.1657393, 2
1526960039.266196, 2
1526960039.3665361, 2
1526960039.4668045, 2
1526960039.5671146, 2
1526960039.6674032, 2
1526960039.767931, 2
1526960039.8685176, 2
1526960039.96893, 2
1526960040.0692542, 2
1526960040.1697698, 2
1526960040.2701094, 2
1526960040.3704188, 2
1526960040.4708605, 2
1526960040.5713017, 2
1526960040.6716812, 2
1526960040.7722094, 2
1526960040.8727844, 2
1526960040.9733343, 2
1526960041.0737236, 2
1526960041.174024, 2
1526960041.2743614, 2
1526960041.374755, 2
1526960041.4750304, 2
1526960041.5754428, 2
1526960041.675844, 2
1526960041.776394, 2
1526960041.8768053, 2
1526960041.9772449, 2
1526960042.0775962, 2
1526960042.1778958, 2
1526960042.27819, 2
1526960042.3787901, 2
1526960042.4792976, 2
1526960042.5796688, 2
1526960042.680242, 2
1526960042.780788, 2
1526960042.8811324, 2
1526960042.9814212, 2
1526960043.0817025, 2
1526960043.1819735, 2
1526960043.282265, 2
1526960043.382602, 2
1526960043.4830542, 2
1526960043.5835688, 2
1526960043.684126, 2
1526960043.7846544, 2
1526960043.8850396, 2
1526960043.9855263, 2
1526960044.086089, 2
1526960044.1865993, 2
1526960044.2870917, 2
1526960044.3876169, 2
1526960044.4881458, 2
1526960044.5886872, 2
1526960044.6891944, 2
1526960044.7898192, 2
1526960044.8904357, 2
1526960044.9910545, 2
1526960045.0915298, 2
1526960045.1920006, 2
1526960045.2926474, 2
1526960045.3932917, 2
1526960045.4938252, 2
1526960045.594143, 2
1526960045.6946537, 2
1526960045.7951782, 2
1526960045.8956254, 2
1526960045.9961097, 2
1526960046.0967412, 2
1526960046.1970594, 2
1526960046.2975032, 2
1526960046.3979933, 2
1526960046.498569, 2
1526960046.5990615, 2
1526960046.6996117, 2
1526960046.8001218, 2
1526960046.9007275, 2
1526960047.0012395, 2
1526960047.1017632, 2
1526960047.2023811, 2
1526960047.3026972, 2
1526960047.4031157, 2
1526960047.5034661, 2
1526960047.603736, 2
1526960047.7041428, 2
1526960047.8045156, 2
1526960047.9048717, 2
1526960048.0053246, 2
1526960048.1058002, 2
1526960048.2062507, 2
1526960048.306768, 2
1526960048.4073515, 2
1526960048.507772, 2
1526960048.6082115, 2
1526960048.7087853, 2
1526960048.8091853, 2
1526960048.9096694, 2
1526960049.010126, 2
1526960049.1106076, 2
1526960049.2112298, 2
1526960049.311588, 2
1526960049.4120736, 2
1526960049.5123804, 2
1526960049.6127205, 2
1526960049.71319, 2
1526960049.8137085, 2
1526960049.9140332, 2
1526960050.0143728, 2
1526960050.1149144, 2
1526960050.2155595, 2
1526960050.3159058, 2
1526960050.4161847, 2
1526960050.516447, 2
1526960050.6167774, 2
1526960050.7171595, 2
1526960050.8174806, 2
1526960050.9178379, 2
1526960051.018212, 2
1526960051.1185312, 2
1526960051.218816, 2
1526960051.3191214, 2
1526960051.4194794, 2
1526960051.5198486, 2
1526960051.6201503, 2
1526960051.720462, 2
1526960051.8210223, 2
1526960051.9214337, 2
1526960052.0219061, 2
1526960052.122426, 2
1526960052.2229397, 2
1526960052.3233507, 2
1526960052.4236054, 2
1526960052.5240498, 2
1526960052.6244729, 2
1526960052.724982, 2
1526960052.8255837, 2
1526960052.9259195, 2
1526960053.0262125, 2
1526960053.1265457, 2
1526960053.226893, 2
1526960053.3272557, 2
1526960053.4278293, 2
1526960053.528449, 2
1526960053.6290672, 2
1526960053.7296839, 2
1526960053.830163, 2
1526960053.9304807, 2
1526960054.0307832, 2
1526960054.1310792, 2
1526960054.2314203, 2
1526960054.3319957, 2
1526960054.432476, 2
1526960054.5329263, 2
1526960054.6332216, 2
1526960054.7334032, 2
1526960054.833758, 2
1526960054.934075, 2
1526960055.034645, 2
1526960055.1350768, 2
1526960055.2353857, 2
1526960055.3356743, 2
1526960055.4361784, 2
1526960055.5365078, 2
1526960055.6368527, 2
1526960055.73709, 2
1526960055.8373387, 2
1526960055.9377623, 2
1526960056.038204, 2
1526960056.1385381, 2
1526960056.2388394, 2
1526960056.33911, 2
1526960056.4393728, 2
1526960056.5397127, 2
1526960056.640053, 2
1526960056.7406247, 2
1526960056.8409836, 2
1526960056.9412508, 2
1526960057.0415423, 2
1526960057.1420112, 2
1526960057.2423894, 2
1526960057.3426683, 2
1526960057.4429657, 2
1526960057.5433838, 2
1526960057.6438303, 2
1526960057.7443194, 2
1526960057.844874, 2
1526960057.9452503, 2
1526960058.0454888, 2
1526960058.1459527, 2
1526960058.246333, 2
1526960058.3467972, 2
1526960058.4471447, 2
1526960058.5474148, 2
1526960058.6478488, 2
1526960058.748203, 2
1526960058.8484948, 2
1526960058.948837, 2
1526960059.049167, 2
1526960059.1495008, 2
1526960059.2497938, 2
1526960059.3500483, 2
1526960059.4503114, 2
1526960059.5505817, 2
1526960059.6508532, 2
1526960059.751095, 2
1526960059.8515239, 2
1526960059.952207, 2
1526960060.0528328, 2
1526960060.1532567, 2
1526960060.2535377, 2
1526960060.3537712, 2
1526960060.4542727, 2
1526960060.554825, 2
1526960060.6552582, 2
1526960060.755561, 2
1526960060.8557792, 2
1526960060.95605, 2
1526960061.0563204, 2
1526960061.1568375, 2
1526960061.2574334, 2
1526960061.3580496, 2
1526960061.4586768, 2
1526960061.5593417, 2
1526960061.6599674, 2
1526960061.7603295, 2
1526960061.8606167, 2
1526960061.9609654, 2
1526960062.0612822, 2
1526960062.161579, 2
1526960062.2621925, 2
1526960062.3625028, 2
1526960062.4629064, 2
1526960062.563221, 2
1526960062.6636171, 2
1526960062.7638986, 2
1526960062.8642068, 2
1526960062.964631, 2
1526960063.0649796, 2
1526960063.1652575, 2
1526960063.265834, 2
1526960063.366184, 2
1526960063.4664612, 2
1526960063.5667236, 2
1526960063.6669745, 2
1526960063.7675188, 2
1526960063.8678515, 2
1526960063.9681518, 2
1526960064.0684903, 2
1526960064.1690605, 2
1526960064.269457, 2
1526960064.369722, 2
1526960064.4699993, 2
1526960064.5703537, 2
1526960064.6709254, 2
1526960064.771344, 2
1526960064.871633, 2
1526960064.9719503, 2
1526960065.072286, 2
1526960065.172897, 2
1526960065.2732382, 2
1526960065.3736517, 2
1526960065.4740126, 2
1526960065.57426, 2
1526960065.6745274, 2
1526960065.7749853, 2
1526960065.8753765, 2
1526960065.9756415, 2
1526960066.0760868, 2
1526960066.176591, 2
1526960066.2769997, 2
1526960066.3772867, 2
1526960066.4777288, 2
1526960066.5781522, 2
1526960066.678613, 2
1526960066.7790236, 2
1526960066.879516, 2
1526960066.9798565, 2
1526960067.0801501, 2
1526960067.1804178, 2
1526960067.280676, 2
1526960067.3809242, 2
1526960067.481293, 2
1526960067.5816994, 2
1526960067.6821811, 2
1526960067.7826626, 2
1526960067.8831804, 2
1526960067.983692, 2
1526960068.084221, 2
1526960068.1328232, 2
1526960068.2333775, 2
1526960069.388473, 2
1526960069.4889426, 2
1526960069.589465, 2
1526960069.6899343, 2
1526960069.7905016, 2
1526960069.8909683, 2
1526960069.9915493, 2
1526960070.0922143, 2
1526960070.1928344, 2
1526960070.2934515, 2
1526960070.3940747, 2
1526960070.494694, 2
1526960070.5952108, 2
1526960070.6957695, 2
1526960070.7964156, 2
1526960070.8970623, 2
1526960070.9976814, 2
1526960071.0983138, 2
1526960071.198915, 2
1526960071.299489, 2
1526960071.3999102, 2
1526960071.5004163, 2
1526960071.6010528, 2
1526960071.7016797, 2
1526960071.8023174, 2
1526960071.902894, 2
1526960072.0033822, 2
1526960072.103932, 2
1526960072.204411, 2
1526960072.3050213, 2
1526960072.4055867, 2
1526960072.506118, 2
1526960072.6065502, 2
1526960072.7070425, 2
1526960072.8075569, 2
1526960072.9081314, 2
1526960073.008651, 2
1526960073.10931, 2
1526960073.2098162, 2
1526960073.310346, 2
1526960073.4108765, 2
1526960073.5115008, 2
1526960073.6121957, 2
1526960073.7125354, 2
1526960073.813008, 2
1526960073.91334, 2
1526960074.0136943, 2
1526960074.1141932, 2
1526960074.2145429, 2
1526960074.3149729, 2
1526960074.4155264, 2
1526960074.516135, 2
1526960074.6167235, 2
1526960074.7171736, 2
1526960074.8176594, 2
1526960074.9182498, 2
1526960075.018796, 2
1526960075.1194172, 2
1526960075.219914, 2
1526960075.3203776, 2
1526960075.4208589, 2
1526960075.52146, 2
1526960075.622116, 2
1526960075.722732, 2
1526960075.8233898, 2
1526960075.9238572, 2
1526960076.0244632, 2
1526960076.1250103, 2
1526960076.2255743, 2
1526960076.326092, 2
1526960076.4266045, 2
1526960076.52721, 2
1526960076.6278374, 2
1526960076.7284064, 2
1526960076.8289976, 2
1526960076.929537, 2
1526960077.0301428, 2
1526960077.1307788, 2
1526960077.2314148, 2
1526960077.3320985, 2
1526960077.432729, 2
1526960077.5333421, 2
1526960077.6339781, 2
1526960077.734539, 2
1526960077.835172, 2
1526960077.9357426, 2
1526960078.036316, 2
1526960078.1367543, 2
1526960078.2371798, 2
1526960078.337557, 2
1526960078.4378119, 2
1526960078.5380476, 2
1526960078.6383138, 2
1526960078.738567, 2
1526960078.8390307, 2
1526960078.93953, 2
1526960079.0398314, 2
1526960079.1401448, 2
1526960079.240612, 2
1526960079.3411443, 2
1526960079.4417582, 2
1526960079.54236, 2
1526960079.6429782, 2
1526960079.7433016, 2
1526960079.843817, 2
1526960079.9441328, 2
1526960080.0444272, 2
1526960080.144715, 2
1526960080.2449954, 2
1526960080.3452659, 2
1526960080.4455543, 2
1526960080.5458822, 2
1526960080.6464484, 2
1526960080.747067, 2
1526960080.847535, 2
1526960080.948045, 2
1526960081.0486507, 2
1526960081.1492195, 2
1526960081.2497714, 2
1526960081.350389, 2
1526960081.451005, 2
1526960081.551618, 2
1526960081.652279, 2
1526960081.752946, 2
1526960081.8535113, 2
1526960081.954074, 2
1526960082.0546415, 2
1526960082.155177, 2
1526960082.2557065, 2
1526960082.3562086, 2
1526960082.4568374, 2
1526960082.5573921, 2
1526960082.6579404, 2
1526960082.7583852, 2
1526960082.8588066, 2
1526960082.9592655, 2
1526960083.0598326, 2
1526960083.160326, 2
1526960083.260952, 2
1526960083.3615687, 2
1526960083.462229, 2
1526960083.5627923, 2
1526960083.6633425, 2
1526960083.763962, 2
1526960083.8645015, 2
1526960083.9394064, 2
1526960084.0399392, 2
1526960091.3203552, 2
1526960091.4208233, 2
1526960091.521431, 2
1526960091.6218483, 2
1526960091.7223997, 2
1526960091.8229287, 2
1526960091.9235399, 2
1526960092.0241468, 2
1526960092.1246593, 2
1526960092.225165, 2
1526960092.3256834, 2
1526960092.4261825, 2
1526960092.5266962, 2
1526960092.6272025, 2
1526960092.7277138, 2
1526960092.8157692, 2
1526960092.9163275, 2
1526960099.275885, 2
1526960099.3763213, 2
1526960099.4769258, 2
1526960099.577444, 2
1526960099.6780312, 2
1526960099.747944, 2
1526960099.8484912, 2
1526960147.002913, 2
1526960147.1032746, 2
1526960147.203742, 2
1526960147.3042636, 2
1526960147.4047108, 2
1526960147.5051498, 2
1526960147.605738, 2
1526960147.7063584, 2
1526960147.8068502, 2
1526960147.907359, 2
1526960148.0079293, 2
1526960148.1085432, 2
1526960148.2088847, 2
1526960148.3093548, 2
1526960148.4099708, 2
1526960148.5104923, 2
1526960148.6109626, 2
1526960148.7115636, 2
1526960148.812086, 2
1526960148.9124513, 2
1526960149.0130038, 2
1526960149.113478, 2
1526960149.213818, 2
1526960149.314351, 2
1526960149.414887, 2
1526960149.5155275, 2
1526960149.6160195, 2
1526960149.7166617, 2
1526960149.8172903, 2
1526960149.9179142, 2
1526960150.018543, 2
1526960150.1190875, 2
1526960150.2197769, 2
1526960150.3201308, 2
1526960150.4205585, 2
1526960150.5211673, 2
1526960150.6215885, 2
1526960150.721996, 2
1526960150.8225684, 2
1526960150.9228861, 2
1526960151.0233378, 2
1526960151.1236897, 2
1526960151.2242422, 2
1526960151.3247411, 2
1526960151.4253964, 2
1526960151.525901, 2
1526960151.6264517, 2
1526960151.7270687, 2
1526960151.8276906, 2
1526960151.9283073, 2
1526960152.0289588, 2
1526960152.1295784, 2
1526960152.2301893, 2
1526960152.3308098, 2
1526960152.4313426, 2
1526960152.5318635, 2
1526960152.6323934, 2
1526960152.733011, 2
1526960152.8336244, 2
1526960152.934243, 2
1526960153.0347006, 2
1526960153.1353104, 2
1526960153.2359781, 2
1526960153.3364732, 2
1526960153.4369986, 2
1526960153.537341, 2
1526960153.637758, 2
1526960153.7382412, 2
1526960153.8387644, 2
1526960153.939321, 2
1526960154.0396652, 2
1526960154.1399536, 2
1526960154.240425, 2
1526960154.340904, 2
1526960154.44125, 2
1526960154.5415344, 2
1526960154.6421456, 2
1526960154.7425468, 2
1526960154.8429434, 2
1526960154.9434178, 2
1526960155.0438614, 2
1526960155.1442485, 2
1526960155.2448397, 2
1526960155.3452022, 2
1526960155.445537, 2
1526960155.5458593, 2
1526960155.6462734, 2
1526960155.7467728, 2
1526960155.8470812, 2
1526960155.9473627, 2
1526960156.0478187, 2
1526960156.1483283, 2
1526960156.2487419, 2
1526960156.3490596, 2
1526960156.4494133, 2
1526960156.5497394, 2
1526960156.650211, 2
1526960156.750589, 2
1526960156.85088, 2
1526960156.9512131, 2
1526960157.0515063, 2
1526960157.1518, 2
1526960157.252248, 2
1526960157.3526077, 2
1526960157.4530807, 2
1526960157.5535173, 2
1526960157.653823, 2
1526960157.7542453, 2
1526960157.8545754, 2
1526960157.9548979, 2
1526960158.055257, 2
1526960158.155578, 2
1526960158.2558923, 2
1526960158.3561583, 2
1526960158.4566836, 2
1526960158.5572796, 2
1526960158.657636, 2
1526960158.7579625, 2
1526960158.858224, 2
1526960158.9585903, 2
1526960159.0589604, 2
1526960159.159413, 2
1526960159.2597322, 2
1526960159.3602836, 2
1526960159.4606578, 2
1526960159.5609705, 2
1526960159.6612675, 2
1526960159.76181, 2
1526960159.8621662, 2
1526960159.9625795, 2
1526960160.0631769, 2
1526960160.163612, 2
1526960160.263989, 2
1526960160.3643088, 2
1526960160.4648874, 2
1526960160.5654132, 2
1526960160.6658974, 2
1526960160.7662332, 2
1526960160.8666399, 2
1526960160.967078, 2
1526960161.067431, 2
1526960161.1678808, 2
1526960161.2682514, 2
1526960161.368609, 2
1526960161.4690478, 2
1526960161.5695229, 2
1526960161.6698651, 2
1526960161.7701576, 2
1526960161.8705013, 2
1526960161.970926, 2
1526960162.0714364, 2
1526960162.1718383, 2
1526960162.2723088, 2
1526960162.3726768, 2
1526960162.4729578, 2
1526960162.5732534, 2
1526960162.6735246, 2
1526960162.7738357, 2
1526960162.8741143, 2
1526960162.9743671, 2
1526960163.0746195, 2
1526960163.1748836, 2
1526960163.275202, 2
1526960163.375548, 2
1526960163.4758537, 2
1526960163.576082, 2
1526960163.676391, 2
1526960163.7768474, 2
1526960163.877161, 2
1526960163.9774513, 2
1526960164.0777502, 2
1526960164.178064, 2
1526960164.2784412, 2
1526960164.37871, 2
1526960164.4791763, 2
1526960164.5794785, 2
1526960164.679736, 2
1526960164.7800064, 2
1526960164.8803396, 2
1526960164.9807348, 2
1526960165.0811276, 2
1526960165.1815002, 2
1526960165.2819362, 2
1526960165.3824315, 2
1526960165.482957, 2
1526960165.5832853, 2
1526960165.68367, 2
1526960165.7840073, 2
1526960165.8843572, 2
1526960165.984682, 2
1526960166.0851169, 2
1526960166.185614, 2
1526960166.286076, 2
1526960166.3864076, 2
1526960166.48684, 2
1526960166.58732, 2
1526960166.687666, 2
1526960166.7879372, 2
1526960166.888405, 2
1526960166.989043, 2
1526960167.089381, 2
1526960167.1896822, 2
1526960167.290074, 2
1526960167.3906677, 2
1526960167.4912796, 2
1526960167.5916815, 2
1526960167.6921365, 2
1526960167.792692, 2
1526960167.8930237, 2
1526960167.9933193, 2
1526960168.0937686, 2
1526960168.1941016, 2
1526960168.2945116, 2
1526960168.39504, 2
1526960168.4954638, 2
1526960168.5958774, 2
1526960168.696321, 2
1526960168.7968576, 2
1526960168.8973005, 2
1526960168.9976068, 2
1526960169.0980003, 2
1526960169.1983616, 2
1526960169.2988706, 2
1526960169.399356, 2
1526960169.499947, 2
1526960169.6003804, 2
1526960169.7006733, 2
1526960169.8012083, 2
1526960169.9017346, 2
1526960234.8899088, 2
1526960234.9902122, 2
1526960235.09074, 2
1526960235.1912172, 2
1526960235.2916636, 2
1526960235.3922136, 2
1526960235.492807, 2
1526960235.5933816, 2
1526960235.6939025, 2
1526960235.794446, 2
1526960235.8948216, 2
1526960235.9952073, 2
1526960236.0957184, 2
1526960236.1961105, 2
1526960236.2964368, 2
1526960236.3968627, 2
1526960236.4973783, 2
1526960236.5978293, 2
1526960236.6983085, 2
1526960236.7988362, 2
1526960236.8994415, 2
1526960236.999991, 2
1526960237.1006124, 2
1526960237.2012472, 2
1526960237.3018758, 2
1526960237.402507, 2
1526960237.5029585, 2
1526960237.6034396, 2
1526960237.7039804, 2
1526960237.8043647, 2
1526960237.9047456, 2
1526960238.0050764, 2
1526960238.1055663, 2
1526960238.2059467, 2
1526960238.3063517, 2
1526960238.4068115, 2
1526960238.5073066, 2
1526960238.6077569, 2
1526960238.7080986, 2
1526960238.8085213, 2
1526960238.9088228, 2
1526960239.0090857, 2
1526960239.1093757, 2
1526960239.209711, 2
1526960239.310143, 2
1526960239.4105778, 2
1526960239.5109653, 2
1526960239.6113122, 2
1526960239.7117114, 2
1526960239.812154, 2
1526960239.9127462, 2
1526960240.0132415, 2
1526960240.1135595, 2
1526960240.2138674, 2
1526960240.3144002, 2
1526960240.414855, 2
1526960240.515135, 2
1526960240.6154542, 2
1526960240.715728, 2
1526960240.816073, 2
1526960240.9164853, 2
1526960241.016899, 2
1526960241.117401, 2
1526960241.217726, 2
1526960241.3181942, 2
1526960241.418582, 2
1526960241.5188303, 2
1526960241.6191764, 2
1526960241.7195327, 2
1526960241.8199823, 2
1526960241.9204388, 2
1526960242.0208275, 2
1526960242.1212862, 2
1526960242.2217374, 2
1526960242.3221946, 2
1526960242.4225557, 2
1526960242.5229104, 2
1526960242.6233644, 2
1526960242.7237353, 2
1526960242.824049, 2
1526960242.9245121, 2
1526960243.0248454, 2
1526960243.125267, 2
1526960243.225833, 2
1526960243.3262472, 2
1526960243.4267287, 2
1526960243.527164, 2
1526960243.6277838, 2
1526960243.728174, 2
1526960243.8286197, 2
1526960243.929225, 2
1526960244.0296156, 2
1526960244.1299539, 2
1526960244.2303865, 2
1526960244.3309991, 2
1526960244.431619, 2
1526960244.532258, 2
1526960244.6327672, 2
1526960244.733299, 2
1526960244.833701, 2
1526960244.9342296, 2
1526960245.0348203, 2
1526960245.1354067, 2
1526960245.2360275, 2
1526960245.3366787, 2
1526960245.4371996, 2
1526960245.5376973, 2
1526960245.6383119, 2
1526960245.7389512, 2
1526960245.8394816, 2
1526960245.940027, 2
1526960246.040519, 2
1526960246.141014, 2
1526960246.241366, 2
1526960246.3418121, 2
1526960246.4422548, 2
1526960246.5428073, 2
1526960246.643427, 2
1526960246.7440407, 2
1526960246.8446543, 2
1526960246.9452662, 2
1526960247.0458155, 2
1526960247.1462514, 2
1526960247.2467232, 2
1526960247.3471942, 2
1526960247.4477005, 2
1526960247.54831, 2
1526960247.6489289, 2
1526960247.749548, 2
1526960247.8501682, 2
1526960247.950779, 2
1526960248.051378, 2
1526960248.1139162, 2
1526960248.214343, 2
1526960313.262316, 2
1526960313.3626153, 2
1526960313.4631662, 2
1526960313.563807, 2
1526960313.664163, 2
1526960313.7646174, 2
1526960313.8649154, 2
1526960313.9652019, 2
1526960314.065614, 2
1526960314.1660645, 2
1526960314.2664845, 2
1526960314.3668466, 2
1526960314.4672923, 2
1526960314.567675, 2
1526960314.6680968, 2
1526960314.7684197, 2
1526960314.8688397, 2
1526960314.9694047, 2
1526960315.0700457, 2
1526960315.1704822, 2
1526960315.2709184, 2
1526960315.371407, 2
1526960315.4720607, 2
1526960315.5726848, 2
1526960315.673312, 2
1526960315.7739456, 2
1526960315.874562, 2
1526960315.9751945, 2
1526960316.0757084, 2
1526960316.1763382, 2
1526960316.2769659, 2
1526960316.3775797, 2
1526960316.4782126, 2
1526960316.5788646, 2
1526960316.6793282, 2
1526960316.7799125, 2
1526960316.8803508, 2
1526960316.9808784, 2
1526960317.0812173, 2
1526960317.1815395, 2
1526960317.2819316, 2
1526960317.3823009, 2
1526960317.4827113, 2
1526960317.5833135, 2
1526960317.683827, 2
1526960317.7843049, 2
1526960317.884727, 2
1526960317.9851604, 2
1526960318.085677, 2
1526960318.186179, 2
1526960318.2867053, 2
1526960318.3871887, 2
1526960318.4876678, 2
1526960318.5880563, 2
1526960318.688549, 2
1526960318.788967, 2
1526960318.8892546, 2
1526960318.9895854, 2
1526960319.089979, 2
1526960319.1904628, 2
1526960319.2909596, 2
1526960319.391356, 2
1526960319.491653, 2
1526960319.5919414, 2
1526960319.692259, 2
1526960319.7925844, 2
1526960319.8929522, 2
1526960319.993337, 2
1526960320.0936434, 2
1526960320.193982, 2
1526960320.2942727, 2
1526960320.3945518, 2
1526960320.4948308, 2
1526960320.595176, 2
1526960320.6954951, 2
1526960320.7957923, 2
1526960320.896087, 2
1526960320.9963825, 2
1526960321.0966637, 2
1526960321.1969235, 2
1526960321.2972035, 2
1526960321.3974416, 2
1526960321.497735, 2
1526960321.598123, 2
1526960321.698427, 2
1526960321.7988744, 2
1526960321.8994155, 2
1526960321.9997668, 2
1526960322.100295, 2
1526960322.2006063, 2
1526960322.3009055, 2
1526960322.4011858, 2
1526960322.5017443, 2
1526960322.6023612, 2
1526960322.7028477, 2
1526960322.803303, 2
1526960322.9037282, 2
1526960323.0041058, 2
1526960323.1045475, 2
1526960323.2049582, 2
1526960323.3054287, 2
1526960323.405898, 2
1526960323.5064046, 2
1526960323.6069083, 2
1526960323.7073991, 2
1526960323.8077333, 2
1526960323.9079862, 2
1526960324.0083246, 2
1526960324.10887, 2
1526960324.2094464, 2
1526960324.3100524, 2
1526960324.4105659, 2
1526960324.5110035, 2
1526960324.61159, 2
1526960324.7119815, 2
1526960324.8124402, 2
1526960324.9130487, 2
1526960325.0135546, 2
1526960325.1138768, 2
1526960325.2142847, 2
1526960325.3146167, 2
1526960325.414937, 2
1526960325.5153227, 2
1526960325.6157622, 2
1526960325.7160704, 2
1526960325.816619, 2
1526960325.9172323, 2
1526960326.017652, 2
1526960326.118091, 2
1526960326.2186632, 2
1526960326.3192973, 2
1526960326.4197874, 2
1526960326.5203624, 2
1526960326.6210055, 2
1526960326.7216089, 2
1526960326.8221834, 2
1526960326.9227664, 2
1526960327.0233085, 2
1526960327.1237097, 2
1526960327.224194, 2
1526960327.3246903, 2
1526960327.4251642, 2
1526960327.5257163, 2
1526960327.6261082, 2
1526960327.7265096, 2
1526960327.8271341, 2
1526960327.9276533, 2
1526960328.0283272, 2
1526960328.128819, 2
1526960328.2292526, 2
1526960328.3296835, 2
1526960328.4301825, 2
1526960328.530713, 2
1526960328.6312487, 2
1526960328.7318602, 2
1526960328.83234, 2
1526960328.9326465, 2
1526960329.0331848, 2
1526960329.1337166, 2
1526960329.2342427, 2
1526960329.334732, 2
1526960329.435252, 2
1526960329.5358305, 2
1526960329.6364293, 2
1526960329.7369483, 2
1526960329.837425, 2
1526960329.9379084, 2
1526960330.0384338, 2
1526960330.138973, 2
1526960330.2395072, 2
1526960330.3401284, 2
1526960330.4407382, 2
1526960330.541351, 2
1526960330.6419642, 2
1526960330.7426155, 2
1526960330.843153, 2
1526960330.9437642, 2
1526960331.0443795, 2
1526960331.1450028, 2
1526960331.2455263, 2
1526960331.3461392, 2
1526960331.446746, 2
1526960331.5473666, 2
1526960331.6477714, 2
1526960331.7483308, 2
1526960331.848661, 2
1526960331.9489334, 2
1526960332.0492003, 2
1526960332.149471, 2
1526960332.24986, 2
1526960332.3501291, 2
1526960332.4505084, 2
1526960332.550916, 2
1526960332.6512833, 2
1526960332.7517104, 2
1526960332.8523567, 2
1526960332.9527369, 2
1526960333.053227, 2
1526960333.1536722, 2
1526960333.2539783, 2
1526960333.3542788, 2
1526960333.4545794, 2
1526960333.5549424, 2
1526960333.6553667, 2
1526960333.7558553, 2
1526960333.856208, 2
1526960333.956497, 2
1526960334.0569353, 2
1526960334.1574118, 2
1526960334.2578397, 2
1526960334.358281, 2
1526960334.4585898, 2
1526960334.55902, 2
1526960334.6594865, 2
1526960334.7598197, 2
1526960334.8601115, 2
1526960334.960441, 2
1526960335.060753, 2
1526960335.1611006, 2
1526960335.2614963, 2
1526960335.3618429, 2
1526960335.4621568, 2
1526960335.5624535, 2
1526960335.6627433, 2
1526960335.7631118, 2
1526960335.8633952, 2
1526960335.963664, 2
1526960336.0640464, 2
1526960336.1645248, 2
1526960336.2648678, 2
1526960336.3652272, 2
1526960336.4656672, 2
1526960336.5660849, 2
1526960336.6663775, 2
1526960336.7666597, 2
1526960336.8670378, 2
1526960336.967354, 2
1526960337.067697, 2
1526960337.1679707, 2
1526960337.2682698, 2
1526960337.3685026, 2
1526960337.4687614, 2
1526960337.5690157, 2
1526960337.6693447, 2
1526960337.769793, 2
1526960337.8702955, 2
1526960337.970751, 2
1526960338.0711584, 2
1526960338.1716208, 2
1526960338.2721143, 2
1526960338.3726022, 2
1526960338.4729986, 2
1526960338.5734894, 2
1526960338.6740284, 2
1526960338.7745037, 2
1526960338.874878, 2
1526960338.9754033, 2
1526960339.075858, 2
1526960339.1764665, 2
1526960339.2768059, 2
1526960339.377243, 2
1526960339.4777966, 2
1526960339.5781014, 2
1526960339.6783817, 2
1526960339.7787395, 2
1526960339.8791034, 2
1526960339.9795387, 2
1526960340.0799892, 2
1526960340.1804059, 2
1526960340.2809649, 2
1526960340.381492, 2
1526960340.4820473, 2
1526960340.5825837, 2
1526960340.6830904, 2
1526960340.783725, 2
1526960340.8842137, 2
1526960340.9845953, 2
1526960341.0851812, 2
1526960341.1858351, 2
1526960341.286202, 2
1526960341.3866498, 2
1526960341.4871366, 2
1526960341.587656, 2
1526960341.6881394, 2
1526960341.7884731, 2
1526960341.8888633, 2
1526960341.9891505, 2
1526960342.08944, 2
1526960342.189829, 2
1526960342.290356, 2
1526960342.3909209, 2
1526960342.491296, 2
1526960342.5916452, 2
1526960342.691957, 2
1526960342.7922347, 2
1526960342.8925402, 2
1526960342.9928033, 2
1526960343.0933206, 2
1526960343.1936963, 2
1526960343.294159, 2
1526960343.3947003, 2
1526960343.495129, 2
1526960343.595475, 2
1526960343.6960204, 2
1526960343.7963889, 2
1526960343.8968604, 2
1526960343.9972112, 2
1526960344.0975068, 2
1526960344.1978269, 2
1526960344.298261, 2
1526960344.3988569, 2
1526960344.4995103, 2
1526960344.6000574, 2
1526960344.7004797, 2
1526960344.8008683, 2
1526960344.901194, 2
1526960345.00153, 2
1526960345.1017973, 2
1526960345.2020757, 2
1526960345.3026245, 2
1526960345.4030643, 2
1526960345.5033891, 2
1526960345.6037068, 2
1526960345.7043362, 2
1526960345.8047068, 2
1526960345.905047, 2
1526960346.0054793, 2
1526960346.1059647, 2
1526960346.2062967, 2
1526960346.3066013, 2
1526960346.4069257, 2
1526960346.5072231, 2
1526960346.6075158, 2
1526960346.7078636, 2
1526960346.8082452, 2
1526960346.9085698, 2
1526960347.0088952, 2
1526960347.1092758, 2
1526960347.2096796, 2
1526960347.3101814, 2
1526960347.410514, 2
1526960347.5109148, 2
1526960347.611509, 2
1526960347.7121584, 2
1526960347.81273, 2
1526960347.913253, 2
1526960348.0137808, 2
1526960348.1141927, 2
1526960348.2146888, 2
1526960348.3151677, 2
1526960348.4154387, 2
1526960348.5159628, 2
1526960348.6165671, 2
1526960348.7170403, 2
1526960348.8175979, 2
1526960348.9181309, 2
1526960349.0185466, 2
1526960349.119222, 2
1526960349.2197886, 2
1526960349.3201046, 2
1526960349.4204853, 2
1526960349.5209644, 2
1526960349.6215065, 2
1526960349.7219512, 2
1526960349.8224087, 2
1526960349.9227138, 2
1526960350.0230167, 2
1526960350.1234357, 2
1526960350.223918, 2
1526960350.3243165, 2
1526960350.4247205, 2
1526960350.5250916, 2
1526960350.6253445, 2
1526960350.7257845, 2
1526960350.8263535, 2
1526960350.9266806, 2
1526960351.027004, 2
1526960351.127399, 2
1526960351.2277474, 2
1526960351.328311, 2
1526960351.428928, 2
1526960351.5295599, 2
1526960351.6300943, 2
1526960351.7305353, 2
1526960351.8308234, 2
1526960351.931197, 2
1526960352.0316439, 2
1526960352.1321135, 2
1526960352.2325644, 2
1526960352.333076, 2
1526960352.4336324, 2
1526960352.534079, 2
1526960352.6345932, 2
1526960352.7350385, 2
1526960352.8355284, 2
1526960352.9360058, 2
1526960353.03669, 2
1526960353.1372228, 2
1526960353.2377062, 2
1526960353.3380923, 2
1526960353.4384592, 2
1526960353.5389206, 2
1526960353.639379, 2
1526960353.7398534, 2
1526960353.8403635, 2
1526960353.9409544, 2
1526960354.041587, 2
1526960354.1422546, 2
1526960354.2426383, 2
1526960354.3430939, 2
1526960354.4435258, 2
1526960354.5439837, 2
1526960354.644582, 2
1526960354.7452047, 2
1526960354.8458273, 2
1526960354.946209, 2
1526960355.04673, 2
1526960355.147176, 2
1526960355.2475927, 2
1526960355.3481145, 2
1526960355.448484, 2
1526960355.5488203, 2
1526960355.6492288, 2
1526960355.749804, 2
1526960355.8501804, 2
1526960355.9504578, 2
1526960356.0508554, 2
1526960356.1511307, 2
1526960356.2514203, 2
1526960356.3519206, 2
1526960356.4525828, 2
1526960356.5530133, 2
1526960356.6534739, 2
1526960356.7538664, 2
1526960356.8544478, 2
1526960356.9549382, 2
1526960357.0555391, 2
1526960357.156143, 2
1526960357.2566803, 2
1526960357.3573244, 2
1526960357.457931, 2
1526960357.5585473, 2
1526960357.659103, 2
1526960357.7596853, 2
1526960357.8602958, 2
1526960357.960904, 2
1526960358.0613115, 2
1526960358.1617887, 2
1526960358.2623143, 2
1526960358.3628263, 2
1526960358.463392, 2
1526960358.5639327, 2
1526960358.6642916, 2
1526960358.764875, 2
1526960358.865202, 2
1526960358.965564, 2
1526960359.0661206, 2
1526960359.1667464, 2
1526960359.2673812, 2
1526960359.367878, 2
1526960359.4684494, 2
1526960359.5689425, 2
1526960359.6694286, 2
1526960359.7699006, 2
1526960359.8703954, 2
1526960359.9709096, 2
1526960360.0713973, 2
1526960360.172059, 2
1526960360.2726095, 2
1526960360.3731458, 2
1526960360.4734883, 2
1526960360.5737867, 2
1526960360.6740994, 2
1526960360.7745464, 2
1526960360.8749254, 2
1526960360.9753911, 2
1526960361.0758314, 2
1526960361.1761827, 2
1526960361.276748, 2
1526960361.3773968, 2
1526960361.4780064, 2
1526960361.5786219, 2
1526960361.679275, 2
1526960361.7798448, 2
1526960361.8804646, 2
1526960361.9811, 2
1526960362.0817308, 2
1526960362.1822357, 2
1526960362.282812, 2
1526960362.3833501, 2
1526960362.4837456, 2
1526960362.5843196, 2
1526960362.6850028, 2
1526960362.7853272, 2
1526960362.8857992, 2
1526960362.986294, 2
1526960363.0866456, 2
1526960363.1871068, 2
1526960363.2875183, 2
1526960363.387951, 2
1526960363.4884837, 2
1526960363.5890687, 2
1526960389.2984624, 2
1526960389.398752, 2
1526960389.4992957, 2
1526960389.599732, 2
1526960389.7002099, 2
1526960389.8004744, 2
1526960389.9007225, 2
1526960390.0010633, 2
1526960390.1013741, 2
1526960390.2018335, 2
1526960390.3021877, 2
1526960390.402458, 2
1526960390.5028253, 2
1526960390.603132, 2
1526960390.703538, 2
1526960390.8040078, 2
1526960390.90448, 2
1526960391.0049407, 2
1526960391.1055164, 2
1526960391.2061486, 2
1526960391.3067765, 2
1526960391.4071367, 2
1526960391.5076838, 2
1526960391.6081407, 2
1526960391.708809, 2
1526960391.809177, 2
1526960391.9095585, 2
1526960392.010041, 2
1526960392.1104786, 2
1526960392.2109556, 2
1526960392.3113623, 2
1526960392.411828, 2
1526960392.5123348, 2
1526960392.6128736, 2
1526960392.7134945, 2
1526960392.8139815, 2
1526960392.9145718, 2
1526960393.0151994, 2
1526960393.1158137, 2
1526960393.2164364, 2
1526960393.316906, 2
1526960393.4173176, 2
1526960393.5177698, 2
1526960393.618205, 2
1526960393.7186217, 2
1526960393.81906, 2
1526960393.919379, 2
1526960394.0196795, 2
1526960394.1200771, 2
1526960394.220616, 2
1526960394.3210962, 2
1526960394.4216046, 2
1526960394.5221784, 2
1526960394.6226513, 2
1526960394.7231295, 2
1526960394.8236692, 2
1526960394.923989, 2
1526960395.0244935, 2
1526960395.1249926, 2
1526960395.2253034, 2
1526960395.3256083, 2
1526960395.4258497, 2
1526960395.5261197, 2
1526960395.626441, 2
1526960395.7267299, 2
1526960395.8270023, 2
1526960395.9275045, 2
1526960396.0279083, 2
1526960396.1284883, 2
1526960396.2288218, 2
1526960396.3292885, 2
1526960396.4300332, 2
1526960396.530332, 2
1526960396.6308722, 2
1526960396.7313821, 2
1526960396.8317285, 2
1526960396.9321234, 2
1526960397.0324376, 2
1526960397.132808, 2
1526960397.2332492, 2
1526960397.3335958, 2
1526960397.4339187, 2
1526960397.5343306, 2
1526960397.6348, 2
1526960397.7352338, 2
1526960397.835629, 2
1526960397.9362414, 2
1526960398.0367405, 2
1526960398.1372747, 2
1526960398.2379382, 2
1526960398.338421, 2
1526960398.43878, 2
1526960398.5392556, 2
1526960398.6395876, 2
1526960398.7400537, 2
1526960398.8405461, 2
1526960398.9411848, 2
1526960399.0418022, 2
1526960399.1424007, 2
1526960399.2427342, 2
1526960399.3429723, 2
1526960399.4432795, 2
1526960399.543723, 2
1526960399.64433, 2
1526960399.7448466, 2
1526960399.8454125, 2
1526960399.9460313, 2
1526960399.9873927, 2
1526960400.0879157, 2
1526960419.5269618, 2
1526960419.6273105, 2
1526960419.727853, 2
1526960419.8282678, 2
1526960419.9288917, 2
1526960420.0292482, 2
1526960420.1296606, 2
1526960420.2302647, 2
1526960420.3308716, 2
1526960420.431204, 2
1526960420.5316212, 2
1526960420.6322553, 2
1526960420.7328734, 2
1526960420.8335013, 2
1526960420.9340355, 2
1526960421.034658, 2
1526960421.1352544, 2
1526960421.2357867, 2
1526960421.3362913, 2
1526960421.4367626, 2
1526960421.5372415, 2
1526960421.6377618, 2
1526960421.7382617, 2
1526960421.838923, 2
1526960421.939554, 2
1526960422.0401828, 2
1526960422.1407967, 2
1526960422.2414167, 2
1526960422.342069, 2
1526960422.4426863, 2
1526960422.5432823, 2
1526960422.643926, 2
1526960422.7444694, 2
1526960422.8450375, 2
1526960422.9456687, 2
1526960423.0462265, 2
1526960423.1467805, 2
1526960423.247427, 2
1526960423.3479173, 2
1526960423.448539, 2
1526960423.5490994, 2
1526960423.649717, 2
1526960423.750347, 2
1526960423.8506958, 2
1526960423.9512537, 2
1526960424.0518696, 2
1526960424.1525304, 2
1526960424.2530472, 2
1526960424.353482, 2
1526960424.453923, 2
1526960424.554435, 2
1526960424.65495, 2
1526960424.7555573, 2
1526960424.856127, 2
1526960424.9567604, 2
1526960425.057379, 2
1526960425.1577895, 2
1526960425.2581885, 2
1526960425.3585703, 2
1526960425.4588952, 2
1526960425.5593362, 2
1526960425.6598427, 2
1526960425.7602086, 2
1526960425.860612, 2
1526960425.9610856, 2
1526960426.0615923, 2
1526960426.162187, 2
1526960426.262618, 2
1526960426.3630188, 2
1526960426.4634266, 2
1526960426.563929, 2
1526960426.6645963, 2
1526960426.7649152, 2
1526960426.865432, 2
1526960426.9658396, 2
1526960427.0663095, 2
1526960427.1668017, 2
1526960427.2674327, 2
1526960427.3680596, 2
1526960427.4687319, 2
1526960427.5694458, 2
1526960427.669855, 2
1526960427.770211, 2
1526960427.8705072, 2
1526960427.9709766, 2
1526960428.0714364, 2
1526960428.171919, 2
1526960428.2725034, 2
1526960428.328701, 2
1526960428.4291406, 2
1526960563.12311, 2
1526960563.2234194, 2
1526960563.3237476, 2
1526960563.4242377, 2
1526960563.5247028, 2
1526960563.6251469, 2
1526960563.7257836, 2
1526960563.8261967, 2
1526960563.9265347, 2
1526960564.0269692, 2
1526960564.127438, 2
1526960564.2277489, 2
1526960564.3281977, 2
1526960564.4285655, 2
1526960564.5287654, 2
1526960564.6292174, 2
1526960564.72971, 2
1526960564.8304985, 2
1526960564.9308634, 2
1526960565.031255, 2
1526960565.1316042, 2
1526960565.232154, 2
1526960565.3327773, 2
1526960565.4332407, 2
1526960565.5337446, 2
1526960565.6343677, 2
1526960565.7349713, 2
1526960565.8355458, 2
1526960565.9361618, 2
1526960566.036775, 2
1526960566.1373847, 2
1526960566.2379084, 2
1526960566.338527, 2
1526960566.4391546, 2
1526960566.5397425, 2
1526960566.6403637, 2
1526960566.740955, 2
1526960566.8414302, 2
1526960566.9419594, 2
1526960567.0425513, 2
1526960567.1431134, 2
1526960567.2436607, 2
1526960567.3442016, 2
1526960567.4447417, 2
1526960567.545259, 2
1526960567.64586, 2
1526960567.7464585, 2
1526960567.8471456, 2
1526960567.947771, 2
1526960568.048394, 2
1526960568.1490254, 2
1526960568.2496328, 2
1526960568.350254, 2
1526960568.450863, 2
1526960568.5512688, 2
1526960568.5841544, 2
1526960568.6844704, 2
1526960832.0931005, 2
1526960832.1933906, 2
1526960832.293838, 2
1526960832.3943594, 2
1526960832.4947972, 2
1526960832.5951805, 2
1526960832.6956851, 2
1526960832.7962193, 2
1526960832.8967922, 2
1526960832.9973423, 2
1526960833.0977793, 2
1526960833.1980586, 2
1526960833.29851, 2
1526960833.3990514, 2
1526960833.4995513, 2
1526960833.6000304, 2
1526960833.7004063, 2
1526960833.8008823, 2
1526960833.9013724, 2
1526960834.0018542, 2
1526960834.1025126, 2
1526960834.2031274, 2
1526960834.3036475, 2
1526960834.4040046, 2
1526960834.5044503, 2
1526960834.6049469, 2
1526960834.7056108, 2
1526960834.806162, 2
1526960834.906721, 2
1526960835.0073571, 2
1526960835.1079872, 2
1526960835.2086048, 2
1526960835.3091533, 2
1526960835.4096014, 2
1526960835.5101235, 2
1526960835.6107666, 2
1526960835.711369, 2
1526960835.8119042, 2
1526960835.9125571, 2
1526960836.0129278, 2
1526960836.1133575, 2
1526960836.2139568, 2
1526960836.3144822, 2
1526960836.4150946, 2
1526960836.51563, 2
1526960836.6161256, 2
1526960836.7168293, 2
1526960836.8173387, 2
1526960836.9179604, 2
1526960837.0187073, 2
1526960837.1193352, 2
1526960837.2199528, 2
1526960837.3205707, 2
1526960837.4211993, 2
1526960837.521826, 2
1526960837.6224513, 2
1526960837.7230651, 2
1526960837.8235822, 2
1526960837.9242613, 2
1526960838.02478, 2
1526960838.1253302, 2
1526960838.2258132, 2
1526960838.296042, 2
1526960838.3966002, 2
1526960877.0100718, 2
1526960877.1105258, 2
1526960877.2111375, 2
1526960877.3114932, 2
1526960877.4120708, 2
1526960877.5125356, 2
1526960877.6130302, 2
1526960877.7134852, 2
1526960877.8140595, 2
1526960877.9145603, 2
1526960878.015048, 2
1526960878.1156526, 2
1526960878.2162592, 2
1526960878.3169074, 2
1526960885.9941144, 2
1526960886.0945108, 2
1526960886.1950912, 2
1526960886.2954612, 2
1526960886.3960075, 2
1526960886.496346, 2
1526960886.596782, 2
1526960886.6972861, 2
1526960886.7979333, 2
1526960886.898543, 2
1526960886.9991126, 2
1526960887.099462, 2
1526960887.1999586, 2
1526960887.300431, 2
1526960887.4007928, 2
1526960887.5013568, 2
1526960887.6018155, 2
1526960887.702327, 2
1526960887.8028908, 2
1526960887.9034622, 2
1526960888.0038652, 2
1526960888.1043382, 2
1526960888.2047193, 2
1526960888.305325, 2
1526960888.4059572, 2
1526960888.5066295, 2
1526960888.607248, 2
1526960888.7077508, 2
1526960888.8082957, 2
1526960888.908788, 2
1526960889.0092366, 2
1526960889.1097548, 2
1526960889.2102973, 2
1526960889.3109593, 2
1526960889.4115908, 2
1526960889.5122058, 2
1526960889.6128056, 2
1526960889.7134254, 2
1526960889.814041, 2
1526960889.9144988, 2
1526960890.014987, 2
1526960890.1155815, 2
1526960890.2161982, 2
1526960890.3168156, 2
1526960890.4174302, 2
1526960890.5179293, 2
1526960890.618513, 2
1526960890.7190497, 2
1526960890.8196158, 2
1526960890.9200733, 2
1526960891.0206554, 2
1526960891.121182, 2
1526960891.2217965, 2
1526960891.322421, 2
1526960891.4228957, 2
1526960891.5233922, 2
1526960891.6240218, 2
1526960891.724556, 2
1526960891.8251045, 2
1526960891.9256487, 2
1526960892.0261405, 2
1526960892.1267443, 2
1526960892.2273648, 2
1526960892.327983, 2
1526960892.4286067, 2
1526960892.529266, 2
1526960892.6298757, 2
1526960892.730506, 2
1526960892.8311296, 2
1526960892.9317596, 2
1526960893.0323832, 2
1526960893.132994, 2
1526960893.2336218, 2
1526960893.334245, 2
1526960893.4347284, 2
1526960893.5354235, 2
1526960893.6359184, 2
1526960893.7363806, 2
1526960893.8369684, 2
1526960893.9375908, 2
1526960894.0382128, 2
1526960894.1388493, 2
1526960894.2394545, 2
1526960894.3400085, 2
1526960894.4406166, 2
1526960894.5412204, 2
1526960894.6418586, 2
1526960894.7423942, 2
1526960894.8428893, 2
1526960894.9434125, 2
1526960895.043942, 2
1526960895.144496, 2
1526960895.245124, 2
1526960895.3457463, 2
1526960895.44639, 2
1526960895.5470176, 2
1526960895.6476262, 2
1526960895.7482471, 2
1526960895.8489037, 2
1526960895.9494143, 2
1526960896.050003, 2
1526960896.1506085, 2
1526960896.25122, 2
1526960896.3518372, 2
1526960896.4524992, 2
1526960896.5531044, 2
1526960896.6537085, 2
1526960896.7543254, 2
1526960896.854766, 2
1526960896.9553754, 2
1526960897.0559053, 2
1526960897.15651, 2
1526960897.2571354, 2
1526960897.3577678, 2
1526960897.4582193, 2
1526960897.55873, 2
1526960897.659196, 2
1526960897.759699, 2
1526960897.860221, 2
1526960897.9608402, 2
1526960898.061478, 2
1526960898.1620593, 2
1526960898.2626128, 2
1526960898.3631544, 2
1526960898.4636936, 2
1526960898.5643296, 2
1526960898.6649413, 2
1526960898.7655826, 2
1526960898.8660016, 2
1526960898.966541, 2
1526960899.0671034, 2
1526960899.1676016, 2
1526960899.2679715, 2
1526960899.3684516, 2
1526960899.4688554, 2
1526960899.5692592, 2
1526960899.6697128, 2
1526960899.7701914, 2
1526960899.8705695, 2
1526960899.9710274, 2
1526960900.0715687, 2
1526960900.172051, 2
1526960900.2724404, 2
1526960900.372885, 2
1526960900.4734445, 2
1526960900.5740185, 2
1526960900.6743965, 2
1526960900.774895, 2
1526960900.875296, 2
1526960900.9756958, 2
1526960901.0761476, 2
1526960901.1584907, 2
1526960901.258906, 2
1526960901.3593662, 2
1526960901.4596813, 2
1526960901.5600836, 2
1526960901.6605139, 2
