1527742895.0615814, 2
1527742895.1620426, 2
1527742895.2624884, 2
1527742895.3631458, 2
1527742895.4637492, 2
1527742895.5641165, 2
1527742895.6646729, 2
1527742895.7651854, 2
1527742895.8657296, 2
1527742895.9663613, 2
1527742896.0669796, 2
1527742896.1674511, 2
1527742896.2679522, 2
1527742896.3684425, 2
1527742896.4689178, 2
1527742896.5693104, 2
1527742896.6697524, 2
1527742896.7702024, 2
1527742896.870625, 2
1527742896.9711542, 2
1527742897.0716639, 2
1527742897.172178, 2
1527742897.272679, 2
1527742897.373122, 2
1527742897.4736347, 2
1527742897.574031, 2
1527742897.6745079, 2
1527742897.775076, 2
1527742897.8757381, 2
1527742897.9762802, 2
1527742898.0768774, 2
1527742898.1773524, 2
1527742898.2779834, 2
1527742898.3784952, 2
1527742898.479028, 2
1527742898.5795386, 2
1527742898.6801474, 2
1527742898.7806716, 2
1527742898.8813257, 2
1527742898.981913, 2
1527742899.0824313, 2
1527742899.183007, 2
1527742899.2836015, 2
1527742899.384186, 2
1527742899.4847713, 2
1527742899.5852754, 2
1527742899.685747, 2
1527742899.786331, 2
1527742899.886953, 2
1527742899.987401, 2
1527742900.0878866, 2
1527742900.1883261, 2
1527742900.2888095, 2
1527742900.3892722, 2
1527742900.4897835, 2
1527742900.5903583, 2
1527742900.6910474, 2
1527742900.7915788, 2
1527742900.8922331, 2
1527742900.9926958, 2
1527742901.093327, 2
1527742901.193814, 2
1527742901.2944803, 2
1527742901.394933, 2
1527742901.495446, 2
1527742901.5960414, 2
1527742901.696652, 2
1527742901.7972853, 2
1527742901.8978488, 2
1527742901.998477, 2
1527742902.0989516, 2
1527742902.1995625, 2
1527742902.3001835, 2
1527742902.400719, 2
1527742902.5014126, 2
1527742902.601904, 2
1527742902.7023928, 2
1527742902.8029299, 2
1527742902.903438, 2
1527742903.003978, 2
1527742903.1045878, 2
1527742903.2051377, 2
1527742903.3056397, 2
1527742903.4062586, 2
1527742903.5067554, 2
1527742903.6073682, 2
1527742903.7078652, 2
1527742903.8083546, 2
1527742903.9089153, 2
1527742904.0095499, 2
1527742904.110212, 2
1527742904.210815, 2
1527742904.3113103, 2
1527742904.4118292, 2
1527742904.5123525, 2
1527742904.6128652, 2
1527742904.7134755, 2
1527742904.813989, 2
1527742904.9146245, 2
1527742905.015098, 2
1527742905.1157346, 2
1527742905.2162297, 2
1527742905.3168375, 2
1527742905.417317, 2
1527742905.5179877, 2
1527742905.618519, 2
1527742905.7190049, 2
1527742905.8195102, 2
1527742905.9200203, 2
1527742906.0205371, 2
1527742906.1210327, 2
1527742906.2214987, 2
1527742906.321854, 2
1527742906.4223082, 2
1527742906.5226583, 2
1527742906.6229055, 2
1527742906.7231996, 2
1527742906.8234363, 2
1527742906.9237218, 2
1527742907.0240135, 2
1527742907.1243052, 2
1527742907.2246065, 2
1527742907.3249063, 2
1527742907.4251947, 2
1527742907.5254881, 2
1527742907.6258986, 2
1527742907.7264473, 2
1527742907.8267753, 2
1527742907.9271977, 2
1527742908.0277317, 2
1527742908.1282914, 2
1527742908.2287934, 2
1527742908.3292947, 2
1527742908.4297879, 2
1527742908.5302818, 2
1527742908.6307592, 2
1527742908.7313266, 2
1527742908.831858, 2
1527742908.9325035, 2
1527742909.0329792, 2
1527742909.1333072, 2
1527742909.2336042, 2
1527742909.3341305, 2
1527742909.434669, 2
1527742909.5351326, 2
1527742909.6356485, 2
1527742909.7360198, 2
1527742909.836452, 2
1527742909.9370558, 2
1527742910.037589, 2
1527742910.1382105, 2
1527742910.238551, 2
1527742910.338861, 2
1527742910.439228, 2
1527742910.5398254, 2
1527742910.640372, 2
1527742910.7410605, 2
1527742910.8417034, 2
1527742910.9423356, 2
1527742911.0429661, 2
1527742911.1433992, 2
1527742911.2438333, 2
1527742911.3443666, 2
1527742911.4447484, 2
1527742911.545159, 2
1527742911.6456923, 2
1527742911.7461956, 2
1527742911.8466575, 2
1527742911.9469798, 2
1527742912.047462, 2
1527742912.1478503, 2
1527742912.248199, 2
1527742912.3486335, 2
1527742912.4491246, 2
1527742912.549589, 2
1527742912.649885, 2
1527742912.750155, 2
1527742912.8504307, 2
1527742912.950814, 2
1527742913.0513167, 2
1527742913.1518645, 2
1527742913.2523673, 2
1527742913.352852, 2
1527742913.4533665, 2
1527742913.5538673, 2
1527742913.654408, 2
1527742913.7549112, 2
1527742913.855393, 2
1527742913.9559393, 2
1527742914.0565941, 2
1527742914.1569433, 2
1527742914.2573407, 2
1527742914.357611, 2
1527742914.4578588, 2
1527742914.5582743, 2
1527742914.6586058, 2
1527742914.7589753, 2
1527742914.8594012, 2
1527742914.9598475, 2
1527742915.0602555, 2
1527742915.1606858, 2
1527742915.2610428, 2
1527742915.3614619, 2
1527742915.4620795, 2
1527742915.5627015, 2
1527742915.6631525, 2
1527742915.7209141, 2
1527742915.8215022, 2
1527742915.9220474, 2
1527742916.0225024, 2
1527742916.1230445, 2
1527742916.22356, 2
1527742921.9500394, 2
1527742922.0503628, 2
1527742922.1509166, 2
1527742922.2514536, 2
1527742922.3518894, 2
1527742922.4521675, 2
1527742922.5524585, 2
1527742922.652882, 2
1527742922.7534263, 2
1527742922.8539503, 2
1527742922.9545274, 2
1527742923.0551429, 2
1527742923.155777, 2
1527742923.2564118, 2
1527742923.3567839, 2
1527742923.4573352, 2
1527742923.5579402, 2
1527742923.6585352, 2
1527742923.7591577, 2
1527742923.8597639, 2
1527742923.9603617, 2
1527742924.0610437, 2
1527742924.161514, 2
1527742924.2620916, 2
1527742924.3627827, 2
1527742924.4634275, 2
1527742924.5639236, 2
1527742924.6642773, 2
1527742924.7648864, 2
1527742924.8652594, 2
1527742924.9657514, 2
1527742925.0662231, 2
1527742925.1667752, 2
1527742925.2671697, 2
1527742925.3676987, 2
1527742925.468129, 2
1527742925.5640087, 2
1527742925.6644347, 2
1527743091.7239125, 2
1527743091.8243825, 2
1527743091.9248488, 2
1527743092.0253127, 2
1527743092.1258147, 2
1527743092.226267, 2
1527743092.3267758, 2
1527743092.4272804, 2
1527743092.5276067, 2
1527743092.628085, 2
1527743092.7285829, 2
1527743092.8290384, 2
1527743092.9296544, 2
1527743093.0301244, 2
1527743093.1306243, 2
1527743093.2312136, 2
1527743093.331834, 2
1527743093.4323382, 2
1527743093.5327742, 2
1527743093.6332576, 2
1527743093.7337775, 2
1527743093.8342886, 2
1527743093.9347863, 2
1527743094.0352306, 2
1527743094.1357517, 2
1527743094.236268, 2
1527743094.3368754, 2
1527743094.437409, 2
1527743094.5379543, 2
1527743094.6385198, 2
1527743094.7389903, 2
1527743094.8342001, 2
1527743094.9346235, 2
1527743095.0350978, 2
1527743095.1355333, 2
1527743135.5702841, 2
1527743135.6706135, 2
1527743135.7710612, 2
1527743135.871688, 2
1527743135.972041, 2
1527743136.0724244, 2
1527743136.172896, 2
1527743136.2733667, 2
1527743136.3738568, 2
1527743136.47447, 2
1527743136.5749052, 2
1527743136.6754048, 2
1527743136.775826, 2
1527743136.8763673, 2
1527743136.9770021, 2
1527743137.0776281, 2
1527743137.1782653, 2
1527743137.2787318, 2
1527743137.3793082, 2
1527743137.4797406, 2
1527743137.5802877, 2
1527743137.6806989, 2
1527743137.7812366, 2
1527743137.8818648, 2
1527743137.9823785, 2
1527743138.082893, 2
1527743138.1832607, 2
1527743138.2836752, 2
1527743138.38411, 2
1527743138.4847324, 2
1527743138.5852506, 2
1527743138.6857243, 2
1527743138.78623, 2
1527743138.8867698, 2
1527743138.987383, 2
1527743139.0879533, 2
1527743139.1883674, 2
1527743139.288957, 2
1527743139.389545, 2
1527743139.4901423, 2
1527743139.5906758, 2
1527743139.6912563, 2
1527743139.7916214, 2
1527743139.8921897, 2
1527743139.9927006, 2
1527743140.0932596, 2
1527743140.1937976, 2
1527743140.294415, 2
1527743140.395023, 2
1527743140.4953597, 2
1527743140.595659, 2
1527743140.6960766, 2
1527743140.7964516, 2
1527743140.8970134, 2
1527743140.9975035, 2
1527743141.0981317, 2
1527743141.1986463, 2
1527743141.2991602, 2
1527743141.3995454, 2
1527743141.5001242, 2
1527743141.6007392, 2
1527743141.7012012, 2
1527743141.8015177, 2
1527743141.9019394, 2
1527743142.0024216, 2
1527743142.0676866, 2
1527743142.1679802, 2
