1526959255.483621, 2
1526959255.9843864, 2
1526959256.4851377, 2
1526959256.9858947, 2
1526959257.4866464, 2
1526959257.9870636, 2
1526959258.4880254, 2
1526959258.9890025, 2
1526959259.4900377, 2
1526959259.9910562, 2
1526959260.4920845, 2
1526959260.9931648, 2
1526959261.4941955, 2
1526959261.9950783, 2
1526959262.4961255, 2
1526959262.9971592, 2
1526959263.498203, 2
1526959263.9992368, 2
1526959264.5001912, 2
1526959265.0010908, 2
1526959265.501931, 2
1526959266.0027144, 2
1526959266.5035892, 2
1526959267.004513, 2
1526959267.505404, 2
1526959268.0063767, 2
1526959268.5073147, 2
1526959269.008203, 2
1526959269.5092306, 2
1526959270.0102293, 2
1526959270.5111852, 2
1526959271.01217, 2
1526959271.513362, 2
1526959272.0139036, 2
1526959272.514818, 2
1526959273.0158677, 2
1526959273.5167649, 2
1526959274.0176897, 2
1526959274.518477, 2
1526959275.019377, 2
1526959275.520303, 2
1526959276.0213077, 2
1526959276.5221877, 2
1526959277.022846, 2
1526959277.5242078, 2
1526959278.0248933, 2
1526959278.5254285, 2
1526959279.026324, 2
1526959279.5271795, 2
1526959280.0280676, 2
1526959280.5290756, 2
1526959281.0298896, 2
1526959281.530735, 2
1526959282.031657, 2
1526959282.5334306, 2
1526959283.0343258, 2
1526959283.5351908, 2
1526959284.036065, 2
1526959284.5369186, 2
1526959285.037717, 2
1526959285.538363, 2
1526959286.0392156, 2
1526959286.5401974, 2
1526959287.0412211, 2
1526959287.541957, 2
1526959288.042248, 2
1526959288.5430288, 2
1526959289.0438972, 2
1526959289.5446954, 2
1526959290.0453598, 2
1526959290.5460484, 2
1526959291.046218, 2
1526959291.547049, 2
1526959292.0480595, 2
1526959292.5490248, 2
1526959293.049723, 2
1526959293.5505521, 2
1526959294.0512655, 2
1526959294.5519528, 2
1526959295.052845, 2
1526959295.553878, 2
1526959296.0544467, 2
1526959296.555576, 2
1526959297.0563467, 2
1526959297.5570683, 2
1526959298.0579078, 2
1526959298.5587533, 2
1526959299.0595465, 2
1526959299.5601454, 2
1526959300.0611587, 2
1526959300.5621877, 2
1526959301.0632145, 2
1526959301.564224, 2
1526959302.0652356, 2
1526959302.565948, 2
1526959303.0667205, 2
1526959303.5675294, 2
1526959304.0684083, 2
1526959304.5694013, 2
1526959305.0704057, 2
1526959305.571345, 2
1526959306.0722837, 2
1526959306.5732775, 2
1526959307.0742812, 2
1526959307.5752804, 2
1526959308.0760922, 2
1526959308.5768452, 2
1526959309.0778117, 2
1526959309.57891, 2
1526959310.0799263, 2
1526959310.5809293, 2
1526959311.0817702, 2
1526959311.5825534, 2
1526959312.0835428, 2
1526959312.5845685, 2
1526959313.0856948, 2
1526959313.5866122, 2
1526959314.087624, 2
1526959314.5886974, 2
1526959315.0897586, 2
1526959315.5906394, 2
1526959316.091663, 2
1526959316.59265, 2
1526959317.0935824, 2
1526959317.594615, 2
1526959318.0957112, 2
1526959318.5967376, 2
1526959319.097794, 2
1526959319.5987585, 2
1526959320.0998375, 2
1526959320.600896, 2
1526959321.1019309, 2
1526959321.6029673, 2
1526959322.1039946, 2
1526959322.6049504, 2
1526959323.10591, 2
1526959323.6068697, 2
1526959324.1078665, 2
1526959324.6089063, 2
1526959325.1098619, 2
1526959325.6108441, 2
1526959326.111852, 2
1526959326.6127605, 2
1526959327.1136432, 2
1526959327.6146352, 2
1526959328.1156857, 2
1526959328.6164317, 2
1526959329.1172438, 2
1526959329.6182425, 2
1526959330.1191483, 2
1526959330.6200013, 2
1526959331.1209047, 2
1526959331.6219225, 2
1526959332.1222014, 2
1526959332.62308, 2
1526959333.1240106, 2
1526959333.6249359, 2
1526959334.1257553, 2
1526959334.6267443, 2
1526959335.127754, 2
1526959335.6287494, 2
1526959336.1298232, 2
1526959336.6308267, 2
1526959337.131741, 2
1526959337.632688, 2
1526959338.1336253, 2
1526959338.634434, 2
1526959339.1354232, 2
1526959339.6364279, 2
1526959340.137467, 2
1526959340.6384091, 2
1526959341.139083, 2
1526959341.6401753, 2
1526959342.141063, 2
1526959342.6420581, 2
1526959343.1429613, 2
1526959343.644473, 2
1526959344.1452322, 2
1526959344.6458018, 2
1526959345.146852, 2
1526959345.6478183, 2
1526959346.1486135, 2
1526959346.6496067, 2
1526959347.1505556, 2
1526959347.651585, 2
1526959348.1525476, 2
1526959348.6535144, 2
1526959349.1544511, 2
1526959349.6555202, 2
1526959350.1565137, 2
1526959350.657412, 2
1526959351.1584082, 2
1526959351.6591613, 2
1526959352.16021, 2
1526959352.1859455, 2
1526959493.5584548, 2
1526959494.0591218, 2
1526959494.5599878, 2
1526959495.0609097, 2
1526959495.5617383, 2
1526959496.0625644, 2
1526959496.3268409, 2
1526959496.827717, 2
1526959509.028459, 2
1526959509.5293684, 2
1526959510.0302863, 2
1526959510.5312002, 2
1526959510.6153178, 2
1526959511.1161387, 2
1526959976.5671332, 2
1526959977.0681016, 2
1526959977.5689747, 2
1526959978.0694685, 2
1526959978.5704064, 2
1526959979.0713515, 2
1526959979.57224, 2
1526959980.0731542, 2
1526959980.5741527, 2
1526959981.0749264, 2
1526959981.5757873, 2
1526959982.0765364, 2
1526959982.577183, 2
1526959983.0780234, 2
1526959983.578976, 2
1526959984.0798388, 2
1526959984.5806298, 2
1526959985.0813134, 2
1526959985.5821226, 2
1526959986.0829766, 2
1526959986.5838501, 2
1526959987.0846927, 2
1526959987.5856075, 2
1526959988.0871298, 2
1526959988.5879087, 2
1526959989.0888543, 2
1526959989.5895376, 2
1526959990.090251, 2
1526959990.5910044, 2
1526959991.0917776, 2
1526959991.5923047, 2
1526959992.0930972, 2
1526959992.5940294, 2
1526959993.0957227, 2
1526959993.5965457, 2
1526959994.097246, 2
1526959994.5979776, 2
1526959995.098599, 2
1526959995.5996675, 2
1526959996.1005242, 2
1526959996.6015031, 2
1526959997.1022327, 2
1526959997.6028974, 2
1526959998.103724, 2
1526959998.6044872, 2
1526959999.1052237, 2
1526959999.6059976, 2
1526960000.1069007, 2
1526960000.607906, 2
1526960001.1088705, 2
1526960001.6098306, 2
1526960002.11084, 2
1526960002.6118467, 2
1526960003.1123853, 2
1526960003.6135545, 2
1526960004.1144745, 2
1526960004.6154237, 2
1526960005.1163456, 2
1526960005.6172826, 2
1526960006.1182563, 2
1526960006.6189716, 2
1526960007.1196556, 2
1526960007.6203938, 2
1526960008.1212184, 2
1526960008.2891016, 2
1526960019.6789582, 2
1526960020.1799414, 2
1526960020.6809552, 2
1526960021.1819594, 2
1526960021.6828873, 2
1526960022.1837204, 2
1526960022.6843913, 2
1526960023.1851935, 2
1526960023.6860576, 2
1526960024.186773, 2
1526960024.6874514, 2
1526960025.1881354, 2
1526960025.6891246, 2
1526960026.190018, 2
1526960026.6906247, 2
1526960027.1915052, 2
1526960027.692415, 2
1526960028.1933427, 2
1526960028.6941776, 2
1526960029.195013, 2
1526960029.696016, 2
1526960030.1968453, 2
1526960030.6977987, 2
1526960031.1988382, 2
1526960031.699721, 2
1526960032.2007344, 2
1526960032.701631, 2
1526960033.2023828, 2
1526960033.703064, 2
1526960034.2039413, 2
1526960034.7048316, 2
1526960035.2058477, 2
1526960035.7067986, 2
1526960036.2077894, 2
1526960036.7088559, 2
1526960037.2095697, 2
1526960037.710239, 2
1526960038.2110631, 2
1526960038.711842, 2
1526960039.2127726, 2
1526960039.7136207, 2
1526960040.214434, 2
1526960040.7153792, 2
1526960041.216046, 2
1526960041.7169778, 2
1526960042.2176685, 2
1526960042.7186165, 2
1526960043.2194226, 2
1526960043.7200847, 2
1526960044.220889, 2
1526960044.7218068, 2
1526960045.2228165, 2
1526960045.7238226, 2
1526960046.2245314, 2
1526960046.7253957, 2
1526960047.226408, 2
1526960047.7270951, 2
1526960048.2277377, 2
1526960048.7284405, 2
1526960049.2294197, 2
1526960049.7302437, 2
1526960050.2309606, 2
1526960050.7315967, 2
1526960051.2322974, 2
1526960051.7329602, 2
1526960052.233914, 2
1526960052.734922, 2
1526960053.235786, 2
1526960053.7366712, 2
1526960054.2374897, 2
1526960054.738126, 2
1526960055.2387826, 2
1526960055.739425, 2
1526960056.2400873, 2
1526960056.740878, 2
1526960057.2417624, 2
1526960057.7423196, 2
1526960058.2430146, 2
1526960058.7437215, 2
1526960059.2444134, 2
1526960059.7451968, 2
1526960060.2454953, 2
1526960060.7461627, 2
1526960061.2471182, 2
1526960061.7480173, 2
1526960062.2489426, 2
1526960062.7496758, 2
1526960063.250431, 2
1526960063.751315, 2
1526960064.2520695, 2
1526960064.7528136, 2
1526960065.2534852, 2
1526960065.7542686, 2
1526960066.2550228, 2
1526960066.7558656, 2
1526960067.256561, 2
1526960067.7573895, 2
1526960068.133659, 2
1526960069.389757, 2
1526960069.8906326, 2
1526960070.3916292, 2
1526960070.8925536, 2
1526960071.3934357, 2
1526960071.8944495, 2
1526960072.3954809, 2
1526960072.896325, 2
1526960073.397282, 2
1526960073.8981166, 2
1526960074.399016, 2
1526960074.899907, 2
1526960075.4009109, 2
1526960075.9018579, 2
1526960076.4027894, 2
1526960076.9035318, 2
1526960077.4040828, 2
1526960077.9049058, 2
1526960078.4055946, 2
1526960078.9062877, 2
1526960079.4070916, 2
1526960079.9079382, 2
1526960080.4088101, 2
1526960080.9096751, 2
1526960081.4105723, 2
1526960081.9114053, 2
1526960082.412234, 2
1526960082.9129436, 2
1526960083.4144843, 2
1526960083.9149086, 2
1526960083.940319, 2
1526960091.3221169, 2
1526960091.822849, 2
1526960092.3236675, 2
1526960092.8167355, 2
1526960099.2768264, 2
1526960099.7487118, 2
1526960147.0041764, 2
1526960147.504979, 2
1526960148.0058844, 2
1526960148.5067792, 2
1526960149.007747, 2
1526960149.5087872, 2
1526960150.0097973, 2
1526960150.5106027, 2
1526960151.0115619, 2
1526960151.512494, 2
1526960152.0134132, 2
1526960152.5142741, 2
1526960153.0151775, 2
1526960153.5159087, 2
1526960154.016802, 2
1526960154.517485, 2
1526960155.0182333, 2
1526960155.5189264, 2
1526960156.0197213, 2
1526960156.520599, 2
1526960157.0215704, 2
1526960157.5224988, 2
1526960158.0234168, 2
1526960158.5244272, 2
1526960159.0254867, 2
1526960159.5262656, 2
1526960160.027306, 2
1526960160.5280588, 2
1526960161.0288577, 2
1526960161.529759, 2
1526960162.0305023, 2
1526960162.5311399, 2
1526960163.0317776, 2
1526960163.5323608, 2
1526960164.0330358, 2
1526960164.5338812, 2
1526960165.0342, 2
1526960165.5351872, 2
1526960166.0358999, 2
1526960166.5366213, 2
1526960167.0372803, 2
1526960167.5380306, 2
1526960168.0387468, 2
1526960168.53955, 2
1526960169.0403185, 2
1526960169.5410511, 2
1526960234.8911176, 2
1526960235.3921173, 2
1526960235.8928053, 2
1526960236.3935032, 2
1526960236.894453, 2
1526960237.3954601, 2
1526960237.8964026, 2
1526960238.397211, 2
1526960238.8979182, 2
1526960239.3986425, 2
1526960239.8995683, 2
1526960240.4002032, 2
1526960240.9009895, 2
1526960241.4017022, 2
1526960241.9024596, 2
1526960242.4031496, 2
1526960242.9039266, 2
1526960243.404693, 2
1526960243.9055603, 2
1526960244.4064867, 2
1526960244.9073725, 2
1526960245.4082704, 2
1526960245.9089909, 2
1526960246.4096982, 2
1526960246.910536, 2
1526960247.411452, 2
1526960247.912397, 2
1526960248.115104, 2
1526960313.263762, 2
1526960313.7646174, 2
1526960314.2655487, 2
1526960314.7663004, 2
1526960315.2671065, 2
1526960315.767956, 2
1526960316.268834, 2
1526960316.7696028, 2
1526960317.2703228, 2
1526960317.7710476, 2
1526960318.271749, 2
1526960318.77196, 2
1526960319.2727342, 2
1526960319.7733898, 2
1526960320.2740903, 2
1526960320.77498, 2
1526960321.2754877, 2
1526960321.7762933, 2
1526960322.276962, 2
1526960322.777726, 2
1526960323.278435, 2
1526960323.7787795, 2
1526960324.2797122, 2
1526960324.7806637, 2
1526960325.2814057, 2
1526960325.7823772, 2
1526960326.2833369, 2
1526960326.7843034, 2
1526960327.2850535, 2
1526960327.7860124, 2
1526960328.286841, 2
1526960328.7873905, 2
1526960329.288237, 2
1526960329.789184, 2
1526960330.2900705, 2
1526960330.7910905, 2
1526960331.2921402, 2
1526960331.7928874, 2
1526960332.2936287, 2
1526960332.7942412, 2
1526960333.2949643, 2
1526960333.7958307, 2
1526960334.2968173, 2
1526960334.7975714, 2
1526960335.2982318, 2
1526960335.7990444, 2
1526960336.2997973, 2
1526960336.8004673, 2
1526960337.3012357, 2
1526960337.802178, 2
1526960338.3027422, 2
1526960338.8036363, 2
1526960339.3044086, 2
1526960339.805162, 2
1526960340.30564, 2
1526960340.8065677, 2
1526960341.3073761, 2
1526960341.8081129, 2
1526960342.308972, 2
1526960342.8097923, 2
1526960343.3106234, 2
1526960343.8113945, 2
1526960344.312104, 2
1526960344.812822, 2
1526960345.3137476, 2
1526960345.8145688, 2
1526960346.3151493, 2
1526960346.81589, 2
1526960347.3167658, 2
1526960347.8177323, 2
1526960348.3186238, 2
1526960348.8196058, 2
1526960349.3203273, 2
1526960349.8210967, 2
1526960350.3219273, 2
1526960350.8228183, 2
1526960351.3236313, 2
1526960351.8243132, 2
1526960352.325356, 2
1526960352.8260605, 2
1526960353.3264027, 2
1526960353.8273551, 2
1526960354.328183, 2
1526960354.8291438, 2
1526960355.3298779, 2
1526960355.830678, 2
1526960356.3316922, 2
1526960356.8324182, 2
1526960357.333301, 2
1526960357.8343124, 2
1526960358.3350894, 2
1526960358.836068, 2
1526960359.336984, 2
1526960359.8379195, 2
1526960360.3388822, 2
1526960360.8400676, 2
1526960361.3408527, 2
1526960361.8418565, 2
1526960362.3427935, 2
1526960362.8435953, 2
1526960363.3442755, 2
1526960389.2993073, 2
1526960389.7999527, 2
1526960390.3006437, 2
1526960390.801501, 2
1526960391.3025606, 2
1526960391.8033214, 2
1526960392.3040972, 2
1526960392.8049347, 2
1526960393.3057833, 2
1526960393.8065543, 2
1526960394.3073916, 2
1526960394.8082201, 2
1526960395.3086066, 2
1526960395.809244, 2
1526960396.3099494, 2
1526960396.8106093, 2
1526960397.3112326, 2
1526960397.812029, 2
1526960398.3128235, 2
1526960398.8136225, 2
1526960399.3143337, 2
1526960399.8152905, 2
1526960399.988462, 2
1526960419.5281568, 2
1526960420.028969, 2
1526960420.5299168, 2
1526960421.0309024, 2
1526960421.5319045, 2
1526960422.0329583, 2
1526960422.5339646, 2
1526960423.0348837, 2
1526960423.5357907, 2
1526960424.0366707, 2
1526960424.5375903, 2
1526960425.0386252, 2
1526960425.5395763, 2
1526960426.0404706, 2
1526960426.541437, 2
1526960427.0421493, 2
1526960427.5431578, 2
1526960428.0439076, 2
1526960428.329378, 2
1526960563.1241586, 2
1526960563.6250145, 2
1526960564.1256502, 2
1526960564.6264892, 2
1526960565.1273215, 2
1526960565.6281006, 2
1526960566.128987, 2
1526960566.62991, 2
1526960567.130923, 2
1526960567.6319294, 2
1526960568.1328926, 2
1526960568.5848796, 2
1526960832.0940325, 2
1526960832.5949147, 2
1526960833.095766, 2
1526960833.596755, 2
1526960834.097702, 2
1526960834.59854, 2
1526960835.0994632, 2
1526960835.6004229, 2
1526960836.101282, 2
1526960836.6021826, 2
1526960837.103057, 2
1526960837.603919, 2
1526960838.1048133, 2
1526960838.297035, 2
1526960877.01158, 2
1526960877.5125349, 2
1526960878.0134597, 2
1526960885.9952724, 2
1526960886.4960947, 2
1526960886.9970677, 2
1526960887.4975874, 2
1526960887.9980183, 2
1526960888.4988668, 2
1526960888.9997487, 2
1526960889.5006711, 2
1526960890.0016732, 2
1526960890.5025613, 2
1526960891.0031898, 2
1526960891.5039814, 2
1526960892.0048885, 2
1526960892.5058243, 2
1526960893.0068886, 2
1526960893.5077333, 2
1526960894.0086498, 2
1526960894.5095704, 2
1526960895.0104907, 2
1526960895.5113475, 2
1526960896.0122678, 2
1526960896.5132742, 2
1526960897.013809, 2
1526960897.514745, 2
1526960898.015671, 2
1526960898.5165162, 2
1526960899.0173757, 2
1526960899.518084, 2
1526960900.0189302, 2
1526960900.5198238, 2
1526960901.020592, 2
1526960901.1593022, 2
1526960901.6601179, 2
